1.2305683480473129 0.956266471793737
1.5672882954884444 0.14175388124804122
1.128725121786738 0.7647271110880933
1.5077516296624387 -0.3686571662391527
0.8386580337003302 -0.2180756024442898
1.8537474768329214 -0.8760003511407745
1.7074550731796936 0.5840506982867288
0.5958759325418272 -0.0683285192521389
1.7684461282249362 -0.27613078353113996
1.4449179838743968 -0.47475466571713054
0.4967821162698838 -0.5292157419216168
0.8233398335456281 -0.6887905967650936
0.503684373572842 -0.8645067637181268
1.734009943237347 -0.014248964276807774
1.102875989131685 1.0135871509535415
0.9117951814099294 0.33953484954253144
1.808474717767752 -0.8795440748521393
1.813146584884171 0.09853338298080261
1.1578250579054714 0.08741271075844903
1.0594339314128276 1.6675853695860767
