3.2279122618149874 -1.538617429493201 0
0.40720437315970504 -1.4736342836995906 0
4.605910543511696 -1.025679886558705 0
1.2177985896629835 -0.7805407217940461 0
4.3552127989110065 0.856898735620919 0
-0.13671568904781317 -4.24450294071732 0
2.799729713100449 -1.0975087663393346 0
4.5869093457685 2.299747329527232 0
2.079589155770927 -3.811833198536574 0
2.406372142970147 -1.7617667702810347 0
3.4394948580017033 3.0272868130323722 0
2.5046791991957917 -3.4630413497556676 0
1.4836080656313406 -2.587960038963132 0
4.861870217528198 0.8717679142229411 0
-1.051346393886842 -4.8143453769155915 0
3.17994765675558 0.7408976142204651 0
1.5405272452422434 -2.8631759878865615 0
1.5573746634294094 -1.6310132359139153 0
-0.12111262002808587 -4.568021087582395 0
-0.8711588035389184 -4.287054491921621 0
1.5524045880469703 -0.48422872911190673 0
4.784769293046789 -1.6894165510097139 0
2.221782163361965 1.3870264353159687 0
2.29946082314589 -1.46854950224653 0
4.7958053097931455 2.2545342621237605 0
3.002632415656757 2.9411468310738833 0
0.006591677332439261 -2.922476081007993 0
3.2913950296166803 -1.8713329477941643 0
-0.16269438565469407 -4.728340581929617 0
1.776569114071381 -4.698587407428149 0
3.6661439449631317 -2.8628123676087247 0
1.042924084711208 -3.095707747477964 0
1.9462213048727168 0.30431965228440294 0
3.905522805555375 3.345277512872741 0
0.5132778309313704 -2.8205883766268336 0
4.240192737882234 -0.5835576064308103 0
4.892285895651437 -4.79542098107853 0
1.9808313586922557 -2.0149034290064707 0
-1.253238910559208 0.13187780264307225 1
-2.0003326125319063 2.449458817896457 1
-0.9572722846069652 1.1945884995387175 1
-0.7865993815795687 -3.257474504806024 1
-1.7132113050644104 -0.09410962845906479 1
-1.081896544960197 4.598639043790033 1
-0.638755286035205 -2.3374304358333364 1
-1.3781905741693001 1.9738165914998689 1
-2.4374619560779465 3.8558405814399705 1
-2.902603690908715 -2.8489812920504907 1
-1.8883853330498814 -4.087494607007517 1
-1.4504336722209077 -4.898292541861501 1
-0.017146532115265067 2.3567998236160124 1
-0.44123539136528134 3.86964927116691 1
-2.4435338381299765 -3.6348154792846934 1
-0.992158325689716 -2.6513027461878567 1
-2.2533717080803806 2.617389420347952 1
-2.387420433889156 1.5824277748605269 1
0.9172273107889648 1.284156959842619 1
-1.3313296314503131 -3.1274776487619995 1
-0.08021342732256365 3.359401121457349 1
2.9307718722924463 4.8566494553365676 1
-4.762064463398041 1.702384503354505 1
-3.268738107890238 -0.45321870992346724 1
-1.8664516936934339 0.2778304948439221 1
-0.2733782816131578 -0.753634154898144 1
-1.1640839556156877 0.7817791400381155 1
-3.2689266213321764 -4.939670305399058 1
-3.9518851752832584 2.710423293133342 1
-1.6971074295794066 1.0473929932761203 1
-1.3430424051122913 -2.9820951294863898 1
-4.45456434627927 4.365019212039677 1
-0.40185175090888414 2.130450383979367 1
-3.238225609882214 -4.665114746767549 1
2.5589008586965925 4.08098641053428 1
-1.9650955576770812 -2.47161616504855 1
-2.921933392275596 -1.838700577828174 1
-4.009843273980357 -3.386958106461221 1
-0.5077650018595223 3.5357707149316973 1
-3.9994755677192506 -2.138559281402015 1
-3.0193647741786576 -0.1437173285692408 1
-1.9355960701351647 -4.4111766427523555 1
-4.914889913547005 4.989458554102887 1
-1.409580845181794 -2.5832897624326456 1
-2.871478251567736 1.2140111827538504 1
-0.8693075610928922 3.7777941340949575 1
0.16526479008976125 3.2303151405968684 1
-2.03009983443015 4.333412490713908 1
-1.5872256759706147 -0.08344075087084235 1
-2.7113095424613096 -3.6266752782973843 1
-0.8509315989558539 3.448523318958417 1
-4.1834167222385865 0.9860029150856491 1
-1.1855151994495583 -1.3129183838541314 1
-4.7045193081349534 2.1623809530455906 1
-4.769197223367019 -2.8642886090094946 1
-4.0910747133927305 4.435710978049936 1
-1.3745954968008798 -3.048639716818149 1
-4.7304523765708515 0.9210742614406211 1
2.690629701905638 4.5335866752137814 1
1.845133007442822 2.9667999719500626 1
-4.513486807165629 1.740041775561549 1
-1.3733187928730892 1.5410504493289032 1
