1.6682595499624289
0.9894632338548146
1.0188165174110237
0.9904958721625535
0.934701511167795
0.9472120183453553
0.8164252745696916
0.84469344788883
0.8217061367072661
0.730129534622395
0.7505480013179485
0.7331079182622527
0.6339074493104688
0.6541544595168617
0.6339658765470965
0.6176932604651478
0.5957467039474506
0.574061018546063
0.5302036565666213
0.519037274255844
0.5071123294782774
0.48570518206115504
0.4538439932922045
0.45025633147847405
0.44088609455014643
0.43456104458368916
0.40738691639761343
0.4212884835681078
0.4095588100051662
0.3864119063330392
0.3176796142590109
0.35776444132783564
0.36416451600654876
0.3534474861279004
0.34633291120036064
0.3322646447751134
0.33982642974388416
0.3255000917565527
0.3063349321400148
0.3106734993847629
0.3102992245823708
0.306419434014439
0.25785857966444015
0.29366939253698976
0.2962139347241352
0.29452974272499216
0.28459171099059344
0.27605678765841896
0.27504567460078455
0.2730607215744906
0.28001590332968496
0.2609369825644417
0.2650119805266572
0.2604259446578187
0.26927225445494457
0.2661848562893437
0.2653231498473825
0.2461240679204311
0.2659293266110203
0.2363368900068111
0.2655963983075732
0.2504101182759335
0.24185395507768281
0.2576208347654552
0.2282503517137027
0.251024249655094
0.2405599989955243
0.24889916516113136
0.24795396357683716
0.2370435392721492
0.24241575812292285
0.2375633116422246
0.23043748994757873
0.23840065174688188
0.2429418360960869
0.23818724663913776
0.2349999813526539
0.2286061462399847
0.23409316091404167
0.23603931032541256
0.22740501733321164
0.2207228421639033
0.24524074967145365
0.2404416759832193
0.23646516502318024
0.24312092005547098
0.23380067122813183
0.22481114665829907
0.23024917304551223
0.24200496923778575
0.2168515580668787
0.23561356678780235
0.22141658785971602
0.23349120649389607
0.22685056473620874
0.22711173567301143
0.2088853438863923
0.24162337085301566
0.21009508449497408
0.2318472380394562
0.22638243002756336
0.21878674218378724
0.2168656300289708
0.2200446352514308
0.21137328684645737
0.23219222110489046
0.2186891400393475
0.2326248151611301
0.22336463302255757
0.23308806416888225
0.20681444189823184
0.22169610465809672
0.2303719123831499
0.22808744934579864
0.2252623930069067
0.22847718758949134
0.22883081013217246
0.2229946448422412
0.21980042407399195
0.2060914057523786
0.19538972288248863
0.22554075240127155
0.21662616696077486
0.22135833331967605
0.21696101963684722
0.2298665448911586
0.22750778504471914
0.21558844525613718
0.2303207409901535
0.22736895685293368
0.2067455743986266
0.2066284067993715
0.21943277400895736
0.22782995927692803
0.21713765859968512
0.22498054385833482
0.23168197366660875
0.229556624697574
0.22139518200771077
0.22045082571648436
0.22736878556642673
0.2224676550014933
0.22019450542590005
0.22434289920753672
0.2085094596871083
0.22130901429732575
0.21867921035910023
0.22703964310260097
0.22071825286824875
0.20760477191487792
0.22482604097292277
0.199010590793837
0.22669959063830372
0.22699188765288086
0.22211640483667686
0.20063035548268549
0.23547797758906022
0.21600872108313154
0.223001491504442
0.2206257154475138
0.23077729589474158
0.20694427018424275
0.2149983015715974
0.22075481088175386
0.22166443068984276
0.2205455577216803
0.2224030418449145
0.21525275333101232
0.21005568365517793
0.22317661746400083
0.21715166340858266
0.2206221535315286
0.22597755345219595
0.20235853192135084
0.22127348679089842
0.20122517097624157
0.22806607712469687
0.2235737982914231
0.22022203642384822
0.22525096819434343
0.22435956687936656
0.2045088328922049
0.212773880919948
0.22068600796692892
0.20814649825688772
0.21431364325636731
0.22280886628303764
0.21938294680927856
0.22678174236117024
0.22327276078270444
0.20404862628136997
0.21612279328078346
0.2170601111456188
0.22827400208206552
0.2080156732803445
0.21696199479147055
0.22487693374693082
0.19904121007264355
0.21497036199461433
0.22363108254128294
0.22349372929453165
0.21321282390359364
0.20897887569845405
0.2132349285517273
0.20559707537390826
0.22431955485193206
0.22265916037261202
0.21745667222622966
0.22567323104563708
0.21224023803126169
0.22755585019193605
0.22393516715182973
0.21504507233425282
0.2138902336919864
0.21961598745792602
0.21623170452782495
0.2197103760899193
0.20094792311318904
0.22056559525604158
0.21145233795956742
0.22538530469229398
0.22270654247007915
0.2107191465228692
0.19048096898804007
0.22094838257937285
0.21538486184565794
0.21217901490818353
0.21956191293772767
0.21071967389979077
0.21042577470487164
0.22762346186531748
0.2022865622146396
0.21849043451797176
0.22445409958978246
0.21963618949824676
0.21948606144300364
0.20184279685864046
0.21670828611407977
0.21867950161868768
0.20383412426564945
0.21413899020924426
0.21626303100579516
0.2138473367887252
0.22536548123121455
0.2162556825068054
0.21613615007628614
0.2232422424517975
0.2070199446455827
0.17859123676654
0.23107960295518548
0.2115215852962
0.22262618331663567
0.2151819221372253
0.21921689706837869
0.2132204607917626
0.20589328620980274
0.20362050227561793
0.23264240069595601
0.21115149489151977
0.22264532208901588
0.20522340290209223
0.21899316652970546
0.2055092128516047
0.22010999677346746
0.22428168457610478
0.21578995461988643
0.21808718194296936
0.22115683709147682
0.22241040512505403
0.21782204743529512
0.21583854748636372
0.2106859888200408
0.221205510007933
0.21644325465056272
0.21589420121829286
0.21986154757315388
0.21197826757092553
0.220327678155627
0.20961295427548954
0.2053252876773815
0.2202290383468838
0.20540907737390307
0.2192052532707318
0.20656174689282705
0.21941475166190247
0.20991057985477274
0.2208446808305516
0.21881967871097008
0.2242465929251526
0.22580080622839555
0.20581348149546688
0.21466173292177088
0.22024398710526297
0.21475178908391393
0.2192725119666584
0.20977137894209508
0.21613296394289924
0.2152485333662759
0.21880824192691112
0.22511389475486854
0.1989015028896792
0.21954959435907526
0.2184770626998469
0.21284413136548577
0.2213433838673629
0.20805753148379444
0.2182079430501006
0.20890537350051797
0.2152446186368224
0.22470258277843044
0.21899962529293343
0.2261515450569058
0.21008195654588807
0.19793358728719682
0.2177332232915782
0.21642010688743366
0.21548445834769545
0.21009295921818963
0.21783312438722757
0.2136293797877081
0.2188555132862486
0.22634438281517227
0.2192332414446336
0.21260439078920637
0.19582488350051946
0.21961016961630794
0.225315650382002
0.22416670759820254
0.22383915920791667
0.20692470592690457
0.22193633332804316
0.21847498750068683
0.217930368546843
0.20484317582304562
0.2011091790345772
0.22354475181638642
0.2182007603469089
0.21944843911892692
0.20963403125186222
0.22692698810446318
0.2110677689704866
0.21481476524975923
0.21931139232301994
0.20352182989674225
0.2198245535472012
0.21612677399756902
0.19966859637765202
0.21654256334515976
0.2052415775328134
0.20934970486288212
0.2118443856778209
0.20496650790214974
0.22112172935697247
0.21908720709958057
0.21832986044076833
0.2149277576377657
0.20012353729133914
0.2132444454937679
0.21763093363248062
0.2112217421724977
0.20779049592818696
0.2015476935303659
0.2030869244116463
0.21377598418370425
0.2175352514923826
0.20853743818667703
0.21900766530956048
0.2177170016309442
0.20855038616380678
0.2202406188998024
0.2244411570259788
0.20994126946009684
0.22424109153434482
0.22159476764717426
0.20351574966412786
0.21363749841619242
0.21786680995522226
0.21202543972056198
0.20456248714661243
0.22096335091792263
0.22108923425777918
0.21074782601928835
0.21116465278952917
0.22001614077813167
0.21698107705423983
0.20764204802742825
0.2206219398777837
0.21611987630766533
0.21609428378724593
0.22487454261399825
0.21651513677682863
0.21174064080466412
0.2127308687275056
0.21838603790281427
0.21730152153455665
0.22174801716353798
0.218900193966419
0.21616462366869482
0.21815391566941522
0.20876752554220196
0.21964481646887696
0.20689463484792886
0.20588031863242265
0.22322443466403957
0.2035222411533986
0.21413556508437442
0.19424583886367658
0.2110778320661399
0.21904317388486116
0.22444284986804502
0.21399469213430694
0.21381575997053548
0.21146909025282049
0.21352669041694364
0.2083422824855525
0.20892523176821198
0.21411721884665913
0.21130718425020958
0.21442243828367225
0.21532959460273993
0.20831386268480814
0.2203362516631889
0.2049426514162033
0.2164035067142685
0.20551833792185834
0.21286503949435284
0.2147401263882457
0.2182395043451055
0.213307118249279
0.21740113325402766
0.20631623789326564
0.2182042191344692
0.20726264370216807
0.20945097075576383
0.22371085903385698
0.21587193610961328
0.22021623007279717
0.2082203566391986
0.21698542718813332
0.2180335861264896
0.20077547061443568
0.21626941969185834
0.21613628988555939
0.21427757797998662
0.21647979330363842
0.2133794096890719
0.2063632310834156
0.21931315726854292
0.21579517934533338
0.1862471420747424
0.22048797751095756
0.21255509467952013
0.21854312406710785
0.21670150169303312
0.215645724560746
0.19917405834683677
0.2250542701420621
0.1976971961761518
0.21457520856277307
0.20659445352575065
0.21915852958273124
0.20798376065707896
0.22021318894011263
0.21634959536627113
0.20524252250246658
0.2153112938076041
0.2027175816684358
0.22144918251159776
0.20928677545634583
0.21215720859260226
0.1989677446137053
0.21172513135287482
0.21593116235961135
0.21659338959495114
0.20051673793205205
0.22199073540064387
0.2178093186609833
0.21599399964473665
0.21083359332151097
0.21462614963684398
0.21054219907052701
0.2203525784929517
0.1963289659485091
0.21648402785320858
0.21586775473482464
0.21205117002731086
0.2156279827474328
0.21403510420401795
0.21380310086498255
0.21020823025773044
0.22142601646566848
0.2128772145320052
0.21459511616389798
0.220472913946409
0.21645130383293457
0.22173620925520576
0.21015184221541375
0.2033506962920514
0.22105393188791703
0.21614591060846972
0.21612267155553788
0.20787691702320113
0.21254185226356673
0.19593460784514102
0.2041478666642428
0.22064321763538355
0.2109177131538032
0.217438228958222
0.21802693775760415
0.20764738584017436
0.20408251017935827
0.20835999869711502
0.20352828348919919
0.21451359321886646
0.21161475937885998
0.22217229551679696
0.21039779062755082
0.20429253161912478
0.1823501076403806
0.21802828418979656
0.2083345521626469
0.21299488051862636
0.1984045384517609
0.21065228587664794
0.21474144358305775
0.22080453607772654
0.21476052511050192
0.20731357086670824
0.21789146718514843
0.21542592563587287
0.20907305604258017
0.21774341332972696
0.21715323907914197
0.21250072851729568
0.20936001527052814
0.20928321434193808
0.21175510131580144
0.22022658963233724
0.20276463652460502
0.22799184643470582
0.21542318373061103
0.20935888695181798
0.2161047190993384
0.21493953323904322
0.21184863763470105
0.21377782711203652
0.21179865789871893
0.21160229460003532
0.19770610554724904
0.20649999311708397
0.20875926313215715
0.21358948609673734
0.22402140076872673
0.20775447532438474
0.20787653296270037
0.21706649652214072
0.21503335619020666
0.2234898526489341
0.21452430104052544
0.22140570117818106
0.2061861443545704
0.2235608463127604
0.18903240847806926
0.2201653375526361
0.21418249451147742
0.2086417972347304
0.1975328936311066
0.19563309465333376
0.21714582293533238
0.2196538434695698
0.205998680765173
0.2080686315955184
0.2204880983488352
0.21392550368523008
0.19445028469403153
0.2222185895058082
0.20933084305522628
0.22120048278905013
0.21522205149079432
0.21247279401500466
0.20720224393664727
0.20333789196517754
0.2218299168055055
0.2154861691069154
0.2183922805208526
0.20801105363333908
0.2071015920887865
0.21793178589686424
0.2079118614877099
0.21224287742166628
0.2178937909256588
0.21388017620066566
0.22364377273124225
0.21367991152944335
0.22395895540668578
0.2111418809003669
0.2160034131177777
0.21236776080384714
0.21706043149362697
0.21359898488324455
0.21625962745661
0.20928254208997507
0.22120790633611406
0.2090856864012665
0.18981730031753113
0.22188877638109936
0.20287969250613871
0.21567662335305288
0.21017438009921488
0.20728764952275627
0.20956366566036552
0.2208277195573041
0.21438626246534115
0.19468578130023959
0.21187285816984752
0.22302970646970793
0.19415697410175106
0.2110106226038686
0.21695411002473342
0.21608073002561456
0.21186066390518687
0.18482182936538502
0.22780692710577138
0.21785790206332573
0.2073038336462043
0.21052857211197212
0.20394361698811547
0.20807518249568863
0.20113846681917102
0.21597522155304197
0.20925112282581054
0.21089417402749666
0.2146920244109265
0.20873213113304162
0.2138271101848172
0.20958137323520457
0.20961120454883095
0.21686315355639643
0.2121959536701467
0.21483256145190538
0.21841964066294894
0.21439181100329247
0.21180347006464717
0.21177753956082826
0.20640677150489942
0.2142668876692793
0.20122354331757042
0.2171979302886879
0.20960244640189607
0.21417045084585942
0.21044986679103403
0.20852771618126922
0.1974575869316128
0.2217146299042488
0.20900259571254037
0.20966314815344772
0.20530374706105048
0.20975593288297634
0.2125801243700052
0.20999918955012423
0.21371898124139493
0.2058068699454588
0.21469058418137862
0.21138000655523764
0.21612068278248106
0.21610945720434557
0.20943762617856604
0.21491242328459528
0.21668250826522745
0.21640996879069885
0.2179190757507024
0.21007472704816305
0.22079527337338
0.21829260972183975
0.2096615369974625
0.21957895306452765
0.19952081008853823
0.22535594631766817
0.21664758285570837
0.2180914219524009
0.21227670861827627
0.21577938990002588
0.21519349629046208
0.21624607639815513
0.21724808416420202
0.21323854892372146
0.19690771177784505
0.21259789861312348
0.21126985443282761
0.2156955394987865
0.20724598963884294
0.22192377963637
0.1972926177063646
0.2069793821642728
0.19039459459052088
0.2126046265453208
0.19400440699725063
0.217169153867643
0.21583825309724514
0.20836432889079678
0.21616883296646336
0.19995434650108024
0.21439184676369497
0.20807657433390142
0.21500434471289245
0.2022656950727288
0.22148965048719138
0.2139828593864142
0.20876649298847125
0.21220909129656212
0.218445211830751
0.19603739563838507
0.2136882362562556
0.21632936370576109
0.2172377960434491
0.21389801016397256
0.20553741580239993
0.21548110296328557
0.21640721092376225
0.22137139926979538
0.2145926735784159
0.205729255474016
0.20966302945724763
0.20166801992244335
0.21550142629127333
0.2025620734638198
0.18722046408097484
0.21727918177648178
0.21166482616152893
0.20764540042923432
0.22144447758533387
0.2148255679948568
0.21374249807624118
0.21273151481800998
0.21965230593822327
0.21561455814458508
0.2140056794920957
0.19246776622665945
0.22928825349109092
0.21580840361933215
0.21413254806682366
0.20811260058213774
0.20447616233026691
0.20322284519541936
0.2086435668030724
0.21366739304374724
0.2073102687105297
0.211200908698459
0.21423357289401618
0.21923667848220432
0.21029528861650582
0.21832145245812243
0.21067178563411407
0.21507293572933844
0.19384436643603986
0.20687460985614722
0.21063250688601773
0.21404189462748746
0.20457078454805924
0.2135355660363534
0.21030489206577854
0.2131871717805924
0.219960967343708
0.2094446272680696
0.19997762063488272
0.19540120874302597
0.2066955251578301
0.21451130246091327
0.21089156153421154
0.22188043392874635
0.19980339572992
0.22181264332686246
0.20839930983009725
0.1995274344342344
0.22027693753768696
0.21841710983367318
0.21777310134432243
0.21059572499241716
0.20473907681159334
0.21195925120767956
0.21358750109636024
0.1794413408582983
0.21288714541216514
0.18896223861538713
0.22009378287339776
0.20626648030721906
0.21560356050932591
0.21829913061959744
0.21282597505611142
0.21363426980314731
0.21354955663685526
0.2122369325838068
0.20261571986748414
0.21180494684742368
0.20140069779505118
0.20263934748863446
0.21749627409075692
0.21582323519977886
0.21516766587895875
0.20309193379097457
0.21012532232195746
0.21106033077827188
0.21309037440373152
0.2005983902029078
0.21469710873243825
0.2062989388321791
0.21427441485675824
0.21881531847119862
0.21751292906546701
0.21333925421241848
0.20785865327986816
0.2076309557256128
0.20845189132158104
0.20285966616896545
0.21803800172147253
0.20564864923913234
0.22184225778644187
0.21895449976517622
0.2128264180651923
0.21461573629765368
0.21088969602392568
0.20738028697442626
0.2216440198166279
0.20925588622155206
0.21927366176791688
0.20901766782215853
0.2132935167447761
0.21147205257026747
0.21407530242231854
0.21011506586787942
0.2071686654589884
0.21178348326172922
0.21846464728284587
0.21999986577261801
0.2122148637035015
0.20023450083527813
0.2071834713473184
0.21947268443170986
0.19395697927832814
0.2149075353819913
0.22014579718215227
0.21979548021093576
0.197476793260867
0.2217087612500877
0.21386091920044342
0.22003892038652145
0.2131496585220815
0.2163650972292254
0.20020031657572013
0.2073870700583585
0.2151982712680603
0.21271451384416137
0.19987362452946006
0.21016371829262756
0.20662421282182125
0.22356837801063142
0.19417566873505057
0.2183266153439746
0.21372103239805254
0.18117551264012144
0.19364136386854158
0.2084301320858153
0.2092212732084905
0.2178172990310811
0.2104604204797672
0.21328198136379506
0.21411008345748994
0.21902861742738766
0.1983435779472145
0.2066824960537249
0.21816923147875855
0.20585947749980787
0.2146362402372877
0.21868375170752588
0.21029738326109923
0.21161074354175535
0.21860193770141395
0.21092899085674605
0.18732138851691266
0.22161302858036858
0.21460762995767868
0.21358401914406996
0.21821345948350368
0.22031251570307944
0.19159676558334635
0.21143578074447378
0.20029741756937292
0.21783592208304317
0.2170762475939771
0.18462312254245425
0.20899359600939044
0.2209756103775966
0.20693523668147384
0.22004470329866443
0.2048609090591839
0.21530046321141405
0.21648645820727255
0.21669083122145064
0.21251160164996843
0.22074765566841958
0.2104825547310312
0.2076188150260468
0.20665513591158133
0.20271878251362227
0.21832920052516777
0.21749719906190493
0.19786541849203573
0.22511447814391214
0.208144179517727
0.21590071750520937
0.2124153733910335
0.20964924614933167
0.20901086048158093
0.22300004464818843
0.21295352126885517
0.21454254303139814
0.20415069233422792
0.19928532174109606
0.21296344508682877
0.21163403275935713
0.20708829586918392
0.20925412350055594
0.20934689227341532
0.21839105322062985
0.2017405409734577
0.21335000428410947
0.22430996278494508
0.20712044332125698
0.21379661798673696
0.22094799356948952
0.18376693155350624
0.21093614118636225
0.21189428689846074
0.21680116000440244
0.2015076936301766
0.21182329677695735
0.21754437312823904
0.2151881769926193
0.21681050607944324
0.20815834309976014
0.21791941230748352
0.21423530306941152
0.2076205434709987
0.19991374966397146
0.2136364458313576
0.21197976436403557
0.21855060458764214
0.21219106836582508
0.21270724288937953
0.21576370289381774
0.21093293989427764
0.22040591510525587
0.19783492400351538
0.17655234847219012
0.21170626416363517
0.21030937171976213
0.20590669156050048
0.21829769296707793
0.2146017071915172
0.20427404731708587
0.2072622476514641
0.213574156434754
0.21579789572601407
0.20093161299198845
0.21316227050214204
0.22103964353561684
0.18516510791789903
0.2296957730139146
0.19774455240995104
0.21869892839021646
0.21247467956906724
0.21418444370818684
0.2165954281874138
0.21930481778652425
0.2146009239971066
0.19204478475210865
0.21547623186624487
0.21466894365699166
0.207300337560476
0.22177612684840872
0.212606827529155
0.22330687023036364
0.17006667890538485
0.21978632293543476
0.21689039819232622
0.1943681756876071
0.20917444900833188
0.20893630789268308
0.21242860562928795
0.2080598768313406
0.21062530214955802
0.219434555368175
0.20656555429853124
0.20699955343771856
0.20194808682726267
0.19817612414245803
0.19301349627814293
0.21011414627918643
0.21707976408032098
0.21924525648433682
