0.6107192339818956
0.524063869766692
0.4548542970023098
0.4036322468184612
0.38691193877215646
0.38091194065020595
0.37091658954978
0.3663964343597906
0.3606349994546111
0.35600695327212223
0.36005290475322554
0.3560431291590067
0.3464063719874698
0.3459488879490526
0.3444580746584101
0.33976169931616074
0.33766230521885826
0.3274915521865408
0.32357318337190716
0.31919398047883296
0.3123795826707738
0.31350289117116753
0.307884560936545
0.30337871620966317
0.293251557541939
0.2916214910977505
0.28502680498431765
0.27870821357946823
0.2718859431540151
0.2626412097718221
0.2527114565536649
0.24683452707281087
0.2475768542398647
0.23120383256725127
0.2234744510784744
0.22306126833990086
0.21042889351896382
0.20968964959461422
0.19425353856745914
0.1904701587173344
0.1841284990570291
0.17617760200351987
0.16832751647161565
0.16488843968999348
0.15825941938059496
0.1477260156763014
0.1428577595154693
0.1340401072382012
0.13098206493242115
0.12868754230458535
0.12009123224616897
0.11482240960562184
0.10913649864580993
0.10625379561201397
0.10188598437051945
0.09767680213359642
0.09268692177969493
0.09009985983168181
0.08583263388391037
0.0836107593145156
0.08081597943027352
0.07719274623961705
0.07435351244446953
0.07193668826583184
0.0698611501459738
0.06712897965204084
0.0652445670125704
0.06317086673195732
0.061934556960523704
0.05978310695804891
0.057852970921242024
0.05560756135117911
0.053869560278628416
0.052414050467261934
0.051185612499114116
0.04963163274552791
0.048498880028792726
0.047163415797302835
0.04560500017142314
0.044481461485265855
0.04382941938026502
0.042490579711034655
0.04137000390466873
0.04039635091937671
0.03987221662690154
0.03850671711749317
0.03793836707038791
0.03688736485063859
0.03641284239993965
0.035624102235180304
0.03453886177542874
0.03377599379582069
0.03313898789718929
0.032538895342950645
0.032056180444605
0.031226555132918516
0.030968266662368953
0.030115878801353975
0.02967436486526796
0.0289770443002839
0.028512045633370793
0.02802818328839877
0.027443050481164164
0.02709594740302566
0.02659547759285904
0.026115507762438945
0.02566954155645787
0.025399310472696397
0.024800585263856735
0.024469795385727737
0.024129281007654095
0.023697463903711552
0.023325254726457953
0.023046294270267775
0.022620386434439345
0.02233524252826074
0.021940051123115194
0.02161483737554562
0.021320298092349827
0.02097763117045675
0.020717540409773832
0.02046175113657138
0.02026645260787556
0.019858998617117547
0.01969841008108361
0.019370197787726386
0.01907790445426781
0.018844766236863413
0.018624499659537594
0.018354809411298415
0.018148297025479404
0.017948587651132993
0.017690771592537603
0.01747144202026931
0.01726238591496728
0.017085061767907573
0.016931306784489977
0.01673222458380516
0.016464071797247407
0.016324097490783833
0.016087998113474503
0.0159936452128652
0.015737953941072958
0.015552970055917999
0.015417055971780235
0.015241369202565606
0.015109632897699475
0.014954836023209087
0.014742423028740018
0.01459163489031966
0.014487468799525817
0.014295850863880067
0.014180189820268797
0.014004810114304315
0.01388530021608009
0.01372034883317896
0.013595976082744071
0.013484976937024447
0.013327977303756799
0.013204788974810115
0.013114680045327357
0.01295471179133936
0.012824527255448873
0.012723843524521179
0.012600150854919716
0.012462869180675188
0.0123756980387487
0.012255908414619227
0.012145732771583189
0.012044912961536562
0.011923470888837183
0.011809565323749369
0.011711431523394376
0.011606410913234812
0.011539215805342392
0.011438320656221891
0.011325962837597629
0.01123333416019811
0.011157973884556896
0.011040921523639523
0.0109557027168814
0.010892014145269711
0.010773284743252159
0.01068734578712181
0.010615031864151653
0.010517465183117261
0.010454978408098179
0.010368592402192725
0.010277171190218516
0.010205542953806029
0.010109461606718807
0.010038855815738445
0.009972385758099157
0.009912885588342076
0.009834205595143093
0.009759197465002105
0.009670770886494982
0.009601870717837675
0.009527558646816075
0.009464166685297256
0.009407964315765249
0.009320168283429022
0.009274052733872046
0.009184380838262118
0.00912627608436285
0.009060292560935511
0.009006202911725922
0.008932176523845078
0.00888833621490693
0.008813875648679836
0.0087540136633781
0.008688586527905471
0.00864722848787955
0.008594816266663304
0.00853876178133959
0.008468796135990919
0.00842549773223972
0.008375027809232518
0.00831550093937758
0.00824622018938836
0.008192938571685699
0.00815552707056861
0.008096204831959629
0.008045042392043567
0.008000947340137367
0.007953873246980239
0.007888266896284567
0.007851731794171824
0.0077976357409836675
0.007762447846842653
0.007704012911979525
0.007656653298907672
0.007616633016324109
0.007580181704928418
0.007528010900356506
0.007482428686008761
0.007432896118344001
0.007388804785869313
0.007350475295954765
0.007308783388824649
0.007254827951825421
0.0072246924556161095
0.007182445237468813
0.007142119696385436
0.007097555745340033
0.0070613944491174545
0.007026252417142321
0.006984611885339322
0.006935405638440362
0.00689705034183968
0.006859654331288559
0.0068265966136328805
0.006783734728499385
0.006758763778686764
0.006712985675661323
0.0066781218583089825
0.00665047249687474
0.006612971429716075
0.00657771509911143
0.00653630420571843
0.0065035881349116385
0.006471143641189814
0.006446028200479183
0.006403257787795866
0.006372376158134959
0.006335453769047103
0.006307475502648206
0.006271730303326133
0.006249321737339228
0.006221548183992883
0.006181941934305417
0.006157493288674281
0.006126747149845403
0.00608845024482019
0.006060232417658122
0.006028756279989833
0.005999717301030824
0.005975670787502918
0.00594770231829618
0.005910871390442402
0.005893685293958634
0.0058550344072032
0.0058351599672656265
0.005810538318380387
0.005775687881494159
0.005746446829930657
0.005719811328007855
0.005702374689274309
0.00566589045622133
0.005640525657708915
0.005617202628617715
0.005588976156829797
0.005571863003850394
0.005544851738528298
0.005516520499589609
0.005496139729713007
0.005462765050767774
0.0054375259015076996
0.005418210566175023
0.005393024971310514
0.005370153763460482
0.005343200720817342
0.005319980308240059
0.005298794619417964
0.005276653566518352
0.005253398342380816
0.005235028550176556
0.005207536878457871
0.005187304349041094
0.005161547490103576
0.0051399948009184845
0.005119350124243499
0.005095875912242216
0.0050777110192866065
0.005055916344793859
0.0050352235268826965
0.005018714465674345
0.004991391832625265
0.004972858853224806
0.004951338594593442
0.004936370521643672
0.004915640358865593
0.004890940370773263
0.0048749326439283735
0.00485267636642479
0.00483436207994516
0.004818790778259351
0.004796568408884937
0.004774103265350189
0.004754279701923052
0.00473573105426108
0.0047208379903594545
0.004704982553663532
0.004683461302287608
0.004664221058505972
0.004645298469745592
0.004626463917841515
0.004610412206254953
0.004593361363966054
0.004576190766335015
0.004555861046177447
0.004547208673326208
0.0045235455994875355
0.004510469224214199
0.004488381326955823
0.004477811386285424
0.004458863402299143
0.004441798206441728
0.004423682581328817
0.00440635523740979
0.004389991034559853
0.00437343467995179
0.0043623782461456005
0.004344836332393237
0.004326556528795452
0.004312342408722771
0.004294238812959787
0.004281199028626118
0.004264779495358174
0.00424961199731814
0.004233645770324304
0.0042199609191518475
0.004203026022082685
0.004188553326824044
0.004174383570652418
0.004158364637062303
0.004144964545169943
0.004130713406558589
0.004120487680806693
0.0041024920638891675
0.0040875902169324905
0.004077069892905793
0.004060454829289876
0.004049771660793278
0.004031580002200784
0.004021479277689908
0.00400757775124908
0.003992206057017091
0.003978658591482256
0.00396440638442068
0.0039510088868140985
0.0039410762120020955
0.003924290997854323
0.0039147856819006606
0.0039006657524797046
0.0038867374676634543
0.003875751913409886
0.0038630820592591587
0.003852465287840855
0.0038346630812821133
0.0038262917439297736
0.0038106881913326134
0.003799466307450608
0.003785010409790386
0.003773296093247839
0.003761348301490948
0.003754042328410829
0.0037395551047584366
0.0037277682026245974
0.0037145606404866316
0.0037033530944134228
0.003693362263137741
0.0036813191847851153
0.0036686697554098374
0.003658552419975569
0.0036477662150662055
0.003636035543053873
0.0036226148155226938
0.00361503987704418
0.003600322036733569
0.003588351899544078
0.0035787361536832566
0.0035680102740903753
0.0035553587250796697
0.0035457881206154367
0.0035378576591778644
0.003523768062801319
0.0035128229384511762
0.003502307433018205
0.003491510930505867
0.0034839717469580672
0.0034723449160776023
0.003462238422128147
0.0034534975409728245
0.0034404226775745063
0.0034314098617895072
0.003423053465357055
0.003411348604907381
0.0034029258540816355
0.003390162229038831
0.003380469047947464
0.003373603476563559
0.003361925139621108
0.0033540539150438064
0.0033430668356348994
0.00333514409883414
0.0033236703839609255
0.0033128002510691415
0.0033041034916946373
0.003294030713583131
0.0032883771881020226
0.0032765368065573036
0.00326632597415703
0.003257620157226636
0.003251179427005985
0.003239490325586023
0.0032302140040007202
0.0032211167485255094
0.0032144401693780774
0.0032045492605894863
0.0031949266790227064
0.0031876429450853113
0.0031792507742447124
0.0031682987676412487
0.003159813744431996
0.003151576256960115
0.0031441435329589047
0.0031352247072642335
0.0031264073391793316
0.003117754777699412
0.0031102388725068658
0.003101473789399759
0.003094437839294579
0.0030844301521672736
0.0030775804060694818
0.00306966572574755
0.003059393253899717
0.003051713059542355
0.003043415757755381
0.0030360164929848013
0.0030296218531140466
0.003019033609746701
0.003013058237890764
0.003003813075375115
0.002995265810816038
0.00298874119520128
0.00298151029968963
0.0029752951581580645
0.002965496097301181
0.002957225831632432
0.0029503777876271195
0.0029427155567532896
0.0029342631211665767
0.002929509534348885
0.0029211685017083515
0.002914094009533765
0.002905024482301629
0.002898630475244549
0.0028915393648673337
0.0028858854296451106
0.0028757479096191106
0.002869517493802713
0.0028617862121225754
0.0028543992172511516
0.0028476459017467187
0.002841366009736915
0.0028338848982397335
0.0028270481068320102
0.002820346708814366
0.002812146908936568
0.002805137189339733
0.0027990490169750785
0.002791796551361388
0.0027858677710996234
0.002779187885066461
0.0027723981603587737
0.0027661843665968923
0.0027589181748556395
0.002753123099081486
0.0027451856431052746
0.0027388055609985805
0.0027335540581612475
0.002726992640007654
0.002719207148701033
0.002713460091609512
0.0027074694643507077
0.002699543333322109
0.0026938414812258523
0.002687413112486787
0.0026813573949756395
0.002675676258774739
0.0026683388162869843
0.002662885582813711
0.0026562968285905276
0.0026496191221031785
0.0026437788656860613
0.002637339050910524
0.0026309563734641696
0.002625041378098444
0.0026198167237132513
0.002613267034058973
0.0026067701349126718
0.0026009645007789915
0.002595218161152256
0.0025894142602408236
0.002584916912367083
0.00257779113982361
0.0025715710397953965
0.0025680375368759612
0.0025619444142033487
0.0025563519532654315
0.002549927092056432
0.002543565975969618
0.002537573904144722
0.0025325376578643494
0.002525860056328115
0.0025225085905151543
0.002515197876118291
0.002509876633771114
0.002503608991074315
0.002498097523658907
0.002493329627839937
0.0024882821984901493
0.0024830294636654184
0.0024775709489373993
0.0024711943005843746
0.0024654536442144676
0.002461402383003853
0.002455641439390862
0.0024508118905140043
0.0024452526373601917
0.0024402761943622007
0.0024347231110620803
0.002429800909133758
0.002424149885306998
0.002418610640574514
0.0024132550395743317
0.002408736978643857
0.0024028390960519233
0.0023979885930613285
0.002393641355295072
0.002389588830313186
0.0023825660619811043
0.0023793062483794957
0.002373212398256717
0.0023692991784521984
0.0023630867876650117
0.0023581935713456567
0.0023547056273947467
0.0023492681413473868
0.0023445477330695
0.0023387962336919492
0.002335626007693486
0.0023289520113995345
0.002323835466334702
0.0023196039172534858
0.0023159411500451527
0.002310019266516781
0.0023063264075483853
0.002300033259976656
0.002295639561708906
0.002291694532265848
0.00228686389698447
0.002282231319005527
0.0022785253579483316
0.0022724563983856313
0.0022676328000262188
0.002263864784224872
0.002259922135524958
0.0022555109200364035
0.0022505074272913665
0.0022450399085205317
0.002241286404373932
0.0022363193270236326
0.0022335591507963064
0.002227433350945898
0.0022235013409926574
0.002218730613721453
0.0022149296989466645
0.0022102931846070904
0.0022058960985085613
0.0022017064894162466
0.002198299430031854
0.0021935300335262703
0.0021886153718131177
0.0021841132372904925
0.0021799045323712004
0.00217562047529355
0.0021718219930696985
0.00216843667104574
0.002164315237204395
0.002159130052003327
0.002156349557432557
0.0021511420162966385
0.002146518143752921
0.0021425084568455267
0.0021387412497532884
0.0021343776962358136
0.0021303809747755245
0.0021274528940906264
0.0021224688896578185
0.0021193349320671687
0.0021144518829066764
0.002110392585325366
0.0021078329810866655
0.0021023471809222117
0.0020990089939997396
0.0020960494673831357
0.002090609379948702
0.002086671602980793
0.0020832649182630624
0.0020797234978448364
0.0020765754457743634
0.002071679386280197
0.0020684866378563893
0.002065107020484698
0.002060507924224141
0.002057010385985647
0.00205264020982415
0.0020485687588690455
0.002044701577481285
0.0020418706463828664
0.002038561139625546
0.0020342977969857014
0.002030926906738389
0.0020277876131504016
0.0020236140735857815
0.002019171798195033
0.002016110963482983
0.0020131060938054
0.0020082007314530964
0.0020052182644403798
0.0020017940260219826
0.001997732315895242
0.001994174681548413
0.0019915689036712823
0.0019866851056122067
0.0019833275493740298
0.001979934473392604
0.0019763657771407306
0.001973223187832704
0.0019696650735214396
0.0019660183592360254
0.001963218412265432
0.001958975950101846
0.0019555574399272566
0.0019519427518138665
0.0019484744749743144
0.001945350587155618
0.001942701451885604
0.0019383927380974702
0.001935429307654172
0.0019319546430489483
0.0019295188653774002
0.001925579636004724
0.001922139734826556
0.001918798489937477
0.0019151911937767743
0.0019126167489960661
0.001909374349578618
0.0019054903449203047
0.001902833522919206
0.0018989806158488478
0.0018957356237087797
0.0018924379670807398
0.0018900178920657645
0.0018861432900674905
0.00188389763071571
0.0018797488540271072
0.0018768962558735878
0.0018734998834843777
0.0018710013472672234
0.001867150624549827
0.001864618150472122
0.001860698412242265
0.0018583899881461008
0.001854565030121534
0.0018525034676001924
0.0018485454975849499
0.0018456608473871145
0.0018429627855501424
0.0018391447641416155
0.0018372889412948301
0.001833188436972924
0.0018299621830827908
0.0018271302923698635
0.0018240223317919214
0.0018213579843230263
0.0018189495713043964
0.0018156278444975858
0.001812302475529784
0.0018099828679199398
0.001806274663373728
0.0018044469600794419
0.0018003060464505504
0.0017976638740020618
0.001795037081922116
0.0017917502642768484
0.001789453752596343
0.0017858238261151474
0.0017833919658128
0.0017804882008242426
0.0017778963287397023
0.0017754333718202025
0.001771656170931188
0.0017694302169461462
0.0017660261127903122
0.0017635433305007782
0.0017602523236971749
0.0017586090963853304
0.0017555678843547418
0.0017528618500157178
0.0017495787333101052
0.0017467159814383438
0.0017439170745629957
0.0017408755211679016
0.0017391006734272338
0.0017358486056563156
0.0017335614365612815
0.0017300967546942953
0.0017272618446422517
0.0017254224179845247
0.001722585336809047
0.0017195098363070424
0.0017171269772879136
0.0017142337389234176
0.001711421674632269
0.001708845522354997
0.0017062332392404943
0.0017041149706448636
0.001700849643526145
0.001698372614300238
0.0016959048039467436
0.0016933164407138452
0.0016906160205121064
0.001688373748948584
0.0016852695942051747
0.001682800630921181
0.0016804849791469388
0.0016784045716920987
0.0016750428266319153
0.0016726615871138308
0.0016706116321077878
0.0016683911185606125
0.00166553128224932
0.0016630899113730083
0.0016600092486500355
0.001657674298768807
0.0016560802765598036
0.0016527102286574046
0.0016507605410355929
0.0016477598591663756
0.0016459871069474494
0.0016431112375048765
0.001640908380933254
0.001637813886417833
0.0016355617593998505
0.0016328670682606732
0.0016306890450237892
0.0016280841314985708
0.0016257456916060242
0.0016237538828498465
0.0016209997293598892
0.001618859902814983
0.001616618172375969
0.0016137789160030308
0.001612057239725398
0.0016096579824609817
0.0016067717327522605
0.0016045902426338086
0.0016027057475541209
0.00160075275706883
0.0015976688649750347
0.001595625599865045
0.0015928036445324117
0.0015907005365761774
0.001588499256264991
0.0015861557549646937
0.001584055659022422
0.0015822267558472348
0.0015795277087531294
0.00157742479449436
0.0015745686995380492
0.0015723487892857443
0.0015701865124268808
0.001568197317569737
0.001565812195080701
0.0015643828680918475
0.001561336873747472
0.0015592374151632202
0.0015576813410447137
0.0015552157239342931
0.0015532611098102995
0.0015501380731585026
0.0015479953656956642
0.0015458806539969192
0.001543746637077288
0.0015418815767785131
0.0015396043748571386
0.0015376786042620128
0.001535355162398804
0.0015328572998088898
0.0015308436071364293
0.0015286723460116146
0.0015273789847004655
0.0015248936038263943
0.0015225276239495024
0.0015203239123947245
0.0015181864926429316
0.0015164053776366405
0.0015142059812498195
0.0015119640703904333
0.0015098637920898973
0.0015079992516056745
0.0015056257418429018
0.0015036481958435976
0.001502013379617745
0.001499414295990069
0.0014977643291503352
0.001495813614454453
0.0014933587009179738
0.0014912786006934593
0.001489256011010717
0.0014874686181024133
0.001485348441620192
0.0014839379536049934
0.0014812943986684526
0.001479736845963147
0.001478027048234826
0.0014755863721801245
0.0014738900768026747
0.001471174229327115
0.0014697783066236706
0.0014679786651432627
0.00146564376421785
0.0014632890789409367
0.0014616445235989155
0.001459583711979415
0.0014580686378892955
0.0014563016929677924
0.0014537838228834607
0.0014517400918263655
0.0014499729568467163
0.0014486059886954093
0.0014460726369101657
0.0014441928521769084
0.0014428875328387407
0.001440785329371685
0.0014388573452395218
0.001436514077854287
0.0014347210475834106
0.001432809113764595
0.0014308065845344347
0.0014289856741747182
0.0014270842163042427
0.0014260258064546583
0.001423400604448203
0.0014218011369299295
0.00142009198171063
0.0014182852102960946
0.0014164497448958958
0.0014142081809254184
0.0014125566002252054
0.0014107268484905644
0.0014087458638821948
0.0014071793121298011
0.0014055823882114732
0.0014034240356017493
0.0014018242386974829
0.0014002562984522635
0.001398175461144937
0.0013962968851647449
0.001394710489559448
0.0013926828817886006
0.001390816431387706
0.0013891204136586737
0.00138727553585261
0.0013855963776211663
0.001384177834922312
0.0013822615293993233
0.0013803041790311737
0.0013787532337738665
0.0013772603064007433
0.0013752976609973976
0.0013733079932464621
0.0013717051346255334
0.0013702926194434795
0.0013685687684309555
0.001366460450039676
0.0013648091175484255
0.0013630600111691907
0.001361328400409216
0.0013597477009090692
0.0013582686244314936
0.0013564318534002135
0.0013547115828677263
0.0013532688544482434
0.0013513011723350395
0.0013497442619809835
0.0013484830351112769
0.0013463299079976795
0.0013449503901115049
0.0013431344032388357
0.0013417500100398223
0.0013397426758463562
0.0013383492119685135
0.0013366635696605285
0.001334865824191562
0.0013332911411942203
0.0013316675294690965
0.001330217733396503
0.0013285494499959238
0.0013265166069772938
0.0013251462675076566
0.001323516922789909
0.0013217768887268805
0.0013205080490804588
0.0013185256082428785
0.0013171710879298672
0.0013154922325990697
0.0013138968472448235
0.001312347144075595
0.0013110624818095224
0.0013091472999577638
0.0013075100998721596
0.0013059498928842783
0.0013048044926690311
0.0013029546283840328
0.001301281381421606
0.0012996773767457454
0.0012985136962074904
0.0012965178092717855
0.0012955090369020823
0.00129375430094231
0.0012923819008477085
0.0012904277662185535
0.0012891559378687065
0.0012877062751628268
0.0012858315296079051
0.0012844880421599932
0.0012831502457519397
0.0012814586225067739
0.001280241254576904
0.0012786627546641867
0.0012767806879003959
0.0012752605699250488
0.0012738488041223767
0.0012724336399235771
0.0012707930129755584
0.001269283258814203
0.0012680006593461565
0.001266616572236937
0.0012653135745799588
0.0012634930902967825
0.0012620173671515965
0.0012604171811562703
0.001259355170052212
0.0012576672186193094
0.0012563022329398078
0.0012550461736286415
0.0012532723243144452
0.001252219483525156
0.0012503435844850258
0.0012488712673346892
0.0012475737075423995
0.0012462220010506964
0.0012451667482858797
0.0012435836598490113
0.001242261585177707
0.0012403576778913942
