0.34444444444444444
0.3888888888888889
0.4111111111111111
0.7
0.6333333333333333
0.6666666666666666
0.6888888888888889
0.7666666666666667
0.7111111111111111
0.7333333333333333
0.7666666666666667
0.8111111111111111
0.7333333333333333
0.7111111111111111
0.7777777777777778
0.9444444444444444
0.7666666666666667
0.8333333333333334
0.8555555555555555
0.8
0.8555555555555555
0.8777777777777778
0.8888888888888888
0.8888888888888888
0.9555555555555556
0.8777777777777778
0.9222222222222223
0.9222222222222223
0.9444444444444444
0.9222222222222223
0.9222222222222223
0.9333333333333333
0.9111111111111111
0.9555555555555556
0.9222222222222223
0.9111111111111111
0.9333333333333333
0.9333333333333333
0.9555555555555556
0.9444444444444444
0.9444444444444444
0.9333333333333333
0.9555555555555556
0.9555555555555556
0.9666666666666667
0.9555555555555556
0.9444444444444444
0.9444444444444444
0.9444444444444444
0.9222222222222223
0.9333333333333333
0.9444444444444444
0.9555555555555556
0.9444444444444444
0.9444444444444444
0.9666666666666667
0.9666666666666667
0.9444444444444444
0.9555555555555556
0.9555555555555556
0.9555555555555556
0.9555555555555556
0.9555555555555556
0.9333333333333333
0.9444444444444444
0.9444444444444444
0.9555555555555556
0.9555555555555556
0.9444444444444444
0.9333333333333333
0.9555555555555556
0.9666666666666667
0.9555555555555556
0.9555555555555556
0.9444444444444444
0.9444444444444444
0.9444444444444444
0.9555555555555556
0.9333333333333333
0.9555555555555556
0.9444444444444444
0.9444444444444444
0.9555555555555556
0.9555555555555556
0.9555555555555556
0.9555555555555556
0.9555555555555556
0.9444444444444444
0.9666666666666667
0.9444444444444444
0.9444444444444444
0.9444444444444444
0.9555555555555556
0.9555555555555556
0.9555555555555556
0.9555555555555556
0.9444444444444444
0.9444444444444444
0.9444444444444444
0.9333333333333333
0.9444444444444444
0.9555555555555556
0.9444444444444444
0.9666666666666667
0.9444444444444444
0.9333333333333333
0.9555555555555556
0.9444444444444444
0.9333333333333333
0.9555555555555556
0.9555555555555556
0.9555555555555556
0.9666666666666667
0.9555555555555556
0.9666666666666667
0.9444444444444444
0.9666666666666667
0.9333333333333333
0.9444444444444444
0.9555555555555556
0.9444444444444444
0.9555555555555556
0.9333333333333333
0.9333333333333333
0.9555555555555556
0.9333333333333333
0.9555555555555556
0.9555555555555556
0.9444444444444444
0.9333333333333333
0.9555555555555556
0.9333333333333333
0.9444444444444444
0.9555555555555556
0.9444444444444444
0.9555555555555556
0.9555555555555556
0.9333333333333333
0.9555555555555556
0.9555555555555556
0.9555555555555556
0.9444444444444444
0.9555555555555556
0.9444444444444444
0.9555555555555556
0.9444444444444444
0.9555555555555556
0.9555555555555556
0.9666666666666667
0.9666666666666667
0.9444444444444444
0.9333333333333333
0.9555555555555556
0.9333333333333333
0.9444444444444444
0.9444444444444444
0.9555555555555556
0.9444444444444444
0.9555555555555556
0.9555555555555556
0.9333333333333333
0.9444444444444444
0.9555555555555556
0.9555555555555556
0.9444444444444444
0.9555555555555556
0.9444444444444444
0.9444444444444444
0.9555555555555556
0.9555555555555556
0.9444444444444444
0.9555555555555556
0.9666666666666667
0.9444444444444444
0.9222222222222223
0.9555555555555556
0.9666666666666667
0.9444444444444444
0.9555555555555556
0.9555555555555556
0.9555555555555556
0.9555555555555556
0.9444444444444444
0.9333333333333333
0.9555555555555556
0.9555555555555556
0.9555555555555556
0.9555555555555556
0.9555555555555556
0.9555555555555556
0.9555555555555556
0.9555555555555556
0.9444444444444444
0.9444444444444444
0.9555555555555556
0.9555555555555556
0.9555555555555556
0.9555555555555556
0.9666666666666667
0.9555555555555556
0.9555555555555556
0.9555555555555556
0.9666666666666667
0.9555555555555556
0.9555555555555556
0.9555555555555556
0.9555555555555556
0.9444444444444444
0.9444444444444444
0.9555555555555556
0.9666666666666667
0.9555555555555556
0.9666666666666667
0.9444444444444444
0.9444444444444444
0.9555555555555556
0.9555555555555556
0.9555555555555556
0.9555555555555556
0.9555555555555556
0.9444444444444444
0.9444444444444444
0.9777777777777777
0.9444444444444444
0.9555555555555556
0.9444444444444444
0.9555555555555556
0.9333333333333333
0.9555555555555556
0.9444444444444444
0.9444444444444444
0.9555555555555556
0.9555555555555556
0.9555555555555556
0.9444444444444444
0.9666666666666667
0.9555555555555556
0.9555555555555556
0.9555555555555556
0.9555555555555556
0.9444444444444444
0.9666666666666667
0.9555555555555556
0.9555555555555556
0.9555555555555556
0.9444444444444444
0.9555555555555556
0.9555555555555556
0.9555555555555556
0.9444444444444444
0.9555555555555556
0.9555555555555556
0.9444444444444444
0.9333333333333333
0.9555555555555556
0.9555555555555556
0.9555555555555556
0.9444444444444444
0.9666666666666667
0.9555555555555556
0.9444444444444444
0.9444444444444444
0.9555555555555556
0.9555555555555556
0.9444444444444444
0.9555555555555556
0.9444444444444444
0.9555555555555556
0.9555555555555556
0.9444444444444444
0.9555555555555556
0.9333333333333333
0.9555555555555556
0.9555555555555556
0.9444444444444444
0.9444444444444444
0.9555555555555556
0.9555555555555556
0.9444444444444444
0.9555555555555556
0.9444444444444444
0.9444444444444444
0.9444444444444444
0.9666666666666667
0.9444444444444444
0.9555555555555556
0.9444444444444444
0.9555555555555556
0.9555555555555556
0.9444444444444444
0.9555555555555556
0.9555555555555556
0.9444444444444444
0.9444444444444444
0.9444444444444444
0.9555555555555556
0.9555555555555556
0.9555555555555556
0.9444444444444444
0.9444444444444444
0.9333333333333333
0.9555555555555556
0.9555555555555556
0.9555555555555556
0.9444444444444444
0.9555555555555556
0.9555555555555556
0.9555555555555556
0.9444444444444444
0.9555555555555556
0.9555555555555556
0.9444444444444444
0.9555555555555556
0.9555555555555556
0.9555555555555556
0.9555555555555556
0.9555555555555556
0.9666666666666667
0.9444444444444444
0.9555555555555556
0.9555555555555556
0.9444444444444444
0.9444444444444444
0.9555555555555556
0.9555555555555556
0.9555555555555556
0.9555555555555556
0.9555555555555556
0.9555555555555556
0.9444444444444444
0.9555555555555556
0.9555555555555556
0.9555555555555556
0.9555555555555556
0.9555555555555556
0.9555555555555556
0.9555555555555556
0.9555555555555556
0.9555555555555556
0.9444444444444444
0.9555555555555556
0.9444444444444444
0.9555555555555556
0.9555555555555556
0.9444444444444444
0.9444444444444444
0.9555555555555556
0.9444444444444444
0.9555555555555556
0.9555555555555556
0.9333333333333333
0.9555555555555556
0.9555555555555556
0.9555555555555556
0.9555555555555556
0.9444444444444444
0.9555555555555556
0.9444444444444444
0.9555555555555556
0.9555555555555556
0.9555555555555556
0.9666666666666667
0.9444444444444444
0.9555555555555556
0.9444444444444444
0.9555555555555556
0.9555555555555556
0.9555555555555556
0.9333333333333333
0.9555555555555556
0.9555555555555556
0.9555555555555556
0.9444444444444444
0.9555555555555556
0.9555555555555556
0.9555555555555556
0.9444444444444444
0.9555555555555556
0.9444444444444444
0.9444444444444444
0.9555555555555556
0.9555555555555556
0.9333333333333333
0.9555555555555556
0.9444444444444444
0.9555555555555556
0.9444444444444444
0.9555555555555556
0.9444444444444444
0.9333333333333333
0.9444444444444444
0.9444444444444444
0.9555555555555556
0.9555555555555556
0.9444444444444444
0.9555555555555556
0.9555555555555556
0.9555555555555556
0.9555555555555556
0.9555555555555556
0.9555555555555556
0.9555555555555556
0.9555555555555556
0.9444444444444444
0.9555555555555556
0.9555555555555556
0.9444444444444444
0.9555555555555556
0.9555555555555556
0.9555555555555556
0.9555555555555556
0.9444444444444444
0.9444444444444444
0.9444444444444444
0.9555555555555556
0.9555555555555556
0.9444444444444444
0.9555555555555556
0.9444444444444444
0.9555555555555556
0.9555555555555556
0.9555555555555556
0.9444444444444444
0.9444444444444444
0.9555555555555556
0.9666666666666667
0.9444444444444444
0.9555555555555556
0.9555555555555556
0.9555555555555556
0.9555555555555556
0.9444444444444444
0.9444444444444444
0.9555555555555556
0.9555555555555556
0.9555555555555556
0.9555555555555556
0.9555555555555556
0.9555555555555556
0.9444444444444444
0.9555555555555556
0.9555555555555556
0.9555555555555556
0.9666666666666667
0.9444444444444444
0.9555555555555556
0.9555555555555556
0.9555555555555556
0.9444444444444444
0.9555555555555556
0.9555555555555556
0.9555555555555556
0.9555555555555556
0.9555555555555556
0.9555555555555556
0.9555555555555556
0.9555555555555556
0.9555555555555556
0.9555555555555556
0.9555555555555556
0.9333333333333333
0.9555555555555556
0.9444444444444444
0.9555555555555556
0.9444444444444444
0.9555555555555556
0.9555555555555556
0.9444444444444444
0.9555555555555556
0.9555555555555556
0.9444444444444444
0.9555555555555556
0.9444444444444444
0.9444444444444444
0.9444444444444444
0.9444444444444444
0.9555555555555556
0.9444444444444444
0.9444444444444444
0.9444444444444444
0.9555555555555556
0.9555555555555556
0.9555555555555556
0.9444444444444444
0.9444444444444444
0.9555555555555556
0.9555555555555556
0.9555555555555556
0.9555555555555556
0.9444444444444444
0.9444444444444444
0.9555555555555556
0.9555555555555556
0.9555555555555556
0.9444444444444444
0.9444444444444444
0.9555555555555556
0.9444444444444444
0.9444444444444444
0.9555555555555556
0.9444444444444444
0.9444444444444444
0.9555555555555556
0.9555555555555556
0.9555555555555556
0.9444444444444444
0.9444444444444444
0.9444444444444444
0.9555555555555556
0.9555555555555556
0.9555555555555556
0.9555555555555556
0.9444444444444444
0.9555555555555556
0.9555555555555556
0.9333333333333333
0.9555555555555556
0.9555555555555556
0.9555555555555556
0.9555555555555556
0.9444444444444444
0.9444444444444444
0.9555555555555556
0.9555555555555556
0.9444444444444444
0.9666666666666667
0.9555555555555556
0.9555555555555556
0.9444444444444444
0.9555555555555556
0.9555555555555556
0.9555555555555556
0.9555555555555556
0.9555555555555556
0.9444444444444444
0.9444444444444444
0.9555555555555556
0.9555555555555556
0.9555555555555556
0.9555555555555556
0.9555555555555556
0.9555555555555556
0.9555555555555556
0.9555555555555556
0.9444444444444444
0.9444444444444444
0.9555555555555556
0.9444444444444444
0.9555555555555556
0.9555555555555556
0.9555555555555556
0.9555555555555556
0.9555555555555556
0.9555555555555556
0.9555555555555556
0.9555555555555556
0.9444444444444444
0.9666666666666667
0.9666666666666667
0.9555555555555556
0.9555555555555556
0.9444444444444444
0.9555555555555556
0.9555555555555556
0.9555555555555556
0.9555555555555556
0.9555555555555556
0.9555555555555556
0.9555555555555556
0.9555555555555556
0.9444444444444444
0.9444444444444444
0.9555555555555556
0.9555555555555556
0.9444444444444444
0.9555555555555556
0.9555555555555556
0.9444444444444444
0.9444444444444444
0.9555555555555556
0.9333333333333333
0.9555555555555556
0.9555555555555556
0.9555555555555556
0.9555555555555556
0.9444444444444444
0.9444444444444444
0.9444444444444444
0.9555555555555556
0.9555555555555556
0.9444444444444444
0.9555555555555556
0.9555555555555556
0.9555555555555556
0.9555555555555556
0.9555555555555556
0.9555555555555556
0.9555555555555556
0.9666666666666667
0.9555555555555556
0.9666666666666667
0.9444444444444444
0.9555555555555556
0.9444444444444444
0.9555555555555556
0.9555555555555556
0.9555555555555556
0.9555555555555556
0.9555555555555556
0.9444444444444444
0.9555555555555556
0.9555555555555556
0.9444444444444444
0.9555555555555556
0.9555555555555556
0.9555555555555556
0.9666666666666667
0.9555555555555556
0.9555555555555556
0.9444444444444444
0.9555555555555556
0.9555555555555556
0.9555555555555556
0.9555555555555556
0.9444444444444444
0.9555555555555556
0.9444444444444444
0.9555555555555556
0.9444444444444444
0.9444444444444444
0.9444444444444444
0.9555555555555556
0.9666666666666667
0.9444444444444444
0.9555555555555556
0.9555555555555556
0.9444444444444444
0.9555555555555556
0.9555555555555556
0.9444444444444444
0.9555555555555556
0.9555555555555556
0.9555555555555556
0.9333333333333333
0.9444444444444444
0.9444444444444444
0.9555555555555556
0.9555555555555556
0.9555555555555556
0.9444444444444444
0.9555555555555556
0.9555555555555556
0.9444444444444444
0.9555555555555556
0.9555555555555556
0.9555555555555556
0.9555555555555556
0.9444444444444444
0.9555555555555556
0.9555555555555556
0.9555555555555556
0.9444444444444444
0.9666666666666667
0.9333333333333333
0.9555555555555556
0.9555555555555556
0.9555555555555556
0.9555555555555556
0.9555555555555556
0.9555555555555556
0.9555555555555556
0.9555555555555556
0.9444444444444444
0.9555555555555556
0.9555555555555556
0.9555555555555556
0.9555555555555556
0.9555555555555556
0.9444444444444444
0.9555555555555556
0.9555555555555556
0.9555555555555556
0.9555555555555556
0.9555555555555556
0.9444444444444444
0.9555555555555556
0.9555555555555556
0.9555555555555556
0.9555555555555556
0.9555555555555556
0.9555555555555556
0.9555555555555556
0.9555555555555556
0.9555555555555556
0.9444444444444444
0.9444444444444444
0.9444444444444444
0.9555555555555556
0.9555555555555556
0.9555555555555556
0.9555555555555556
0.9555555555555556
0.9555555555555556
0.9555555555555556
0.9555555555555556
0.9444444444444444
0.9555555555555556
0.9555555555555556
0.9666666666666667
0.9555555555555556
0.9444444444444444
0.9444444444444444
0.9555555555555556
0.9555555555555556
0.9555555555555556
0.9555555555555556
0.9555555555555556
0.9555555555555556
0.9555555555555556
0.9555555555555556
0.9555555555555556
0.9555555555555556
0.9555555555555556
0.9555555555555556
0.9555555555555556
0.9555555555555556
0.9555555555555556
0.9555555555555556
0.9555555555555556
0.9555555555555556
0.9555555555555556
0.9555555555555556
0.9555555555555556
0.9333333333333333
0.9444444444444444
0.9666666666666667
0.9555555555555556
0.9555555555555556
0.9555555555555556
0.9555555555555556
0.9555555555555556
0.9555555555555556
0.9555555555555556
0.9444444444444444
0.9555555555555556
0.9555555555555556
0.9555555555555556
0.9555555555555556
0.9555555555555556
0.9555555555555556
0.9555555555555556
0.9555555555555556
0.9555555555555556
0.9555555555555556
0.9555555555555556
0.9555555555555556
0.9555555555555556
0.9555555555555556
0.9555555555555556
0.9444444444444444
0.9555555555555556
0.9555555555555556
0.9555555555555556
0.9444444444444444
0.9555555555555556
0.9555555555555556
0.9555555555555556
0.9444444444444444
0.9555555555555556
0.9555555555555556
0.9555555555555556
0.9555555555555556
0.9555555555555556
0.9555555555555556
0.9555555555555556
0.9555555555555556
0.9444444444444444
0.9555555555555556
0.9555555555555556
0.9555555555555556
0.9444444444444444
0.9444444444444444
0.9444444444444444
0.9555555555555556
0.9555555555555556
0.9555555555555556
0.9555555555555556
0.9666666666666667
0.9555555555555556
0.9555555555555556
0.9444444444444444
0.9555555555555556
0.9444444444444444
0.9555555555555556
0.9555555555555556
0.9555555555555556
0.9555555555555556
0.9555555555555556
0.9555555555555556
0.9555555555555556
0.9444444444444444
0.9555555555555556
0.9555555555555556
0.9555555555555556
0.9555555555555556
0.9555555555555556
0.9666666666666667
0.9555555555555556
0.9555555555555556
0.9555555555555556
0.9555555555555556
0.9555555555555556
0.9666666666666667
0.9555555555555556
0.9555555555555556
0.9555555555555556
0.9444444444444444
0.9555555555555556
0.9555555555555556
0.9555555555555556
0.9555555555555556
0.9555555555555556
0.9444444444444444
0.9555555555555556
0.9555555555555556
0.9555555555555556
0.9555555555555556
0.9555555555555556
0.9555555555555556
0.9555555555555556
0.9555555555555556
0.9555555555555556
0.9555555555555556
0.9555555555555556
0.9444444444444444
0.9555555555555556
0.9555555555555556
0.9444444444444444
0.9555555555555556
0.9555555555555556
0.9555555555555556
0.9555555555555556
0.9444444444444444
0.9555555555555556
0.9555555555555556
0.9555555555555556
0.9555555555555556
0.9555555555555556
0.9555555555555556
0.9555555555555556
0.9444444444444444
0.9555555555555556
0.9555555555555556
0.9444444444444444
0.9555555555555556
0.9333333333333333
0.9555555555555556
0.9444444444444444
0.9555555555555556
0.9555555555555556
0.9666666666666667
0.9555555555555556
0.9555555555555556
0.9444444444444444
0.9444444444444444
0.9555555555555556
0.9555555555555556
0.9444444444444444
0.9555555555555556
0.9444444444444444
0.9555555555555556
0.9444444444444444
0.9555555555555556
0.9555555555555556
0.9555555555555556
0.9555555555555556
0.9555555555555556
0.9555555555555556
0.9555555555555556
0.9555555555555556
0.9555555555555556
0.9555555555555556
0.9555555555555556
0.9555555555555556
0.9444444444444444
0.9555555555555556
0.9555555555555556
0.9555555555555556
0.9444444444444444
0.9555555555555556
0.9555555555555556
0.9555555555555556
0.9666666666666667
0.9555555555555556
0.9444444444444444
0.9555555555555556
0.9555555555555556
0.9555555555555556
0.9555555555555556
0.9333333333333333
0.9555555555555556
0.9555555555555556
0.9444444444444444
0.9444444444444444
0.9444444444444444
0.9555555555555556
0.9555555555555556
0.9555555555555556
0.9444444444444444
0.9555555555555556
0.9444444444444444
0.9666666666666667
0.9555555555555556
0.9444444444444444
0.9444444444444444
0.9555555555555556
0.9555555555555556
0.9555555555555556
0.9555555555555556
0.9555555555555556
0.9555555555555556
0.9555555555555556
0.9555555555555556
0.9444444444444444
0.9555555555555556
0.9555555555555556
0.9555555555555556
0.9555555555555556
0.9555555555555556
0.9555555555555556
0.9444444444444444
0.9555555555555556
0.9555555555555556
0.9555555555555556
0.9555555555555556
0.9555555555555556
0.9555555555555556
0.9555555555555556
0.9555555555555556
0.9555555555555556
0.9555555555555556
0.9555555555555556
0.9555555555555556
0.9555555555555556
0.9555555555555556
0.9444444444444444
0.9555555555555556
0.9555555555555556
0.9555555555555556
0.9555555555555556
0.9555555555555556
0.9555555555555556
0.9555555555555556
0.9555555555555556
0.9555555555555556
0.9444444444444444
0.9555555555555556
0.9555555555555556
0.9555555555555556
0.9555555555555556
0.9555555555555556
0.9555555555555556
0.9555555555555556
0.9555555555555556
0.9555555555555556
0.9555555555555556
0.9555555555555556
0.9555555555555556
0.9555555555555556
0.9555555555555556
0.9555555555555556
0.9444444444444444
0.9555555555555556
0.9555555555555556
0.9444444444444444
0.9555555555555556
0.9444444444444444
0.9555555555555556
0.9555555555555556
0.9555555555555556
0.9444444444444444
0.9555555555555556
0.9555555555555556
0.9444444444444444
0.9555555555555556
0.9555555555555556
0.9555555555555556
0.9555555555555556
0.9555555555555556
0.9444444444444444
0.9555555555555556
0.9555555555555556
0.9555555555555556
0.9444444444444444
0.9555555555555556
0.9555555555555556
0.9555555555555556
0.9555555555555556
0.9555555555555556
0.9666666666666667
