0.0
0.3333333333333333
0.23333333333333334
0.23333333333333334
0.26666666666666666
0.0
0.16666666666666666
0.6
0.16666666666666666
0.2
0.5
0.5333333333333333
0.36666666666666664
0.13333333333333333
0.3333333333333333
0.9
0.3
0.5
0.6
0.4
0.7333333333333333
0.6666666666666666
0.6666666666666666
0.7
0.9
0.6666666666666666
0.8
0.8333333333333334
0.9
0.7666666666666667
0.8333333333333334
0.9
0.8333333333333334
0.9666666666666667
0.8333333333333334
0.8333333333333334
0.8333333333333334
0.9
0.9333333333333333
0.9333333333333333
0.9
0.8666666666666667
0.9333333333333333
0.9333333333333333
0.9333333333333333
0.9
0.9333333333333333
0.9333333333333333
0.9333333333333333
0.9
0.9
0.9333333333333333
0.9
0.9
0.9666666666666667
0.9333333333333333
0.9666666666666667
0.9333333333333333
0.9
0.9333333333333333
0.9333333333333333
0.9
0.9333333333333333
0.9
0.9333333333333333
0.9333333333333333
0.9333333333333333
0.9333333333333333
0.9
0.9
0.9333333333333333
0.9666666666666667
0.9333333333333333
0.9333333333333333
0.9333333333333333
0.9
0.9333333333333333
0.9333333333333333
0.9
0.9333333333333333
0.9
0.9
0.9333333333333333
0.9333333333333333
0.9333333333333333
0.9333333333333333
0.9333333333333333
0.9333333333333333
0.9333333333333333
0.9333333333333333
0.9
0.9333333333333333
0.9333333333333333
0.9333333333333333
0.9333333333333333
0.9333333333333333
0.9
0.9333333333333333
0.9
0.9
0.9
0.9333333333333333
0.9666666666666667
0.9333333333333333
0.9333333333333333
0.9
0.9333333333333333
0.9
0.8666666666666667
0.9333333333333333
0.9
0.9333333333333333
0.9333333333333333
0.9333333333333333
0.9666666666666667
0.9333333333333333
0.9333333333333333
0.9
0.9
0.9333333333333333
0.9
0.9333333333333333
0.9333333333333333
0.9
0.9333333333333333
0.9
0.9333333333333333
0.9333333333333333
0.9333333333333333
0.9
0.9333333333333333
0.8666666666666667
0.9
0.9333333333333333
0.9
0.9333333333333333
0.9666666666666667
0.9333333333333333
0.9333333333333333
0.9333333333333333
0.9333333333333333
0.9333333333333333
0.9333333333333333
0.9
0.9333333333333333
0.9
0.9333333333333333
0.9333333333333333
0.9333333333333333
0.9666666666666667
0.9
0.8666666666666667
0.9666666666666667
0.9
0.9
0.9333333333333333
0.9333333333333333
0.9333333333333333
0.9333333333333333
0.9333333333333333
0.9
0.9333333333333333
0.9333333333333333
0.9333333333333333
0.9
0.9666666666666667
0.9333333333333333
0.9
0.9333333333333333
0.9333333333333333
0.9
0.9333333333333333
0.9666666666666667
0.9
0.9
0.9333333333333333
0.9666666666666667
0.9
0.9333333333333333
0.9333333333333333
0.9333333333333333
0.9333333333333333
0.9333333333333333
0.9333333333333333
0.9333333333333333
0.9333333333333333
0.9333333333333333
0.9333333333333333
0.9333333333333333
0.9333333333333333
0.9333333333333333
0.9333333333333333
0.9
0.9
0.9333333333333333
0.9333333333333333
0.9333333333333333
0.9333333333333333
0.9666666666666667
0.9666666666666667
0.9333333333333333
0.9333333333333333
0.9333333333333333
0.9333333333333333
0.9333333333333333
0.9333333333333333
0.9333333333333333
0.9333333333333333
0.9333333333333333
0.9333333333333333
0.9333333333333333
0.9333333333333333
0.9333333333333333
0.9
0.9
0.9333333333333333
0.9333333333333333
0.9333333333333333
0.9333333333333333
0.9333333333333333
0.9333333333333333
0.9333333333333333
0.9666666666666667
0.9333333333333333
0.9333333333333333
0.9
0.9333333333333333
0.9
0.9333333333333333
0.9
0.9333333333333333
0.9333333333333333
0.9333333333333333
0.9333333333333333
0.9333333333333333
0.9333333333333333
0.9333333333333333
0.9333333333333333
0.9333333333333333
0.9333333333333333
0.9
0.9666666666666667
0.9333333333333333
0.9333333333333333
0.9333333333333333
0.9333333333333333
0.9333333333333333
0.9333333333333333
0.9333333333333333
0.9
0.9333333333333333
0.9333333333333333
0.9
0.9333333333333333
0.9333333333333333
0.9333333333333333
0.9333333333333333
0.9
0.9666666666666667
0.9333333333333333
0.9
0.9
0.9333333333333333
0.9333333333333333
0.9333333333333333
0.9333333333333333
0.9
0.9333333333333333
0.9333333333333333
0.9
0.9333333333333333
0.9
0.9333333333333333
0.9333333333333333
0.9333333333333333
0.9333333333333333
0.9333333333333333
0.9333333333333333
0.9
0.9333333333333333
0.9
0.9333333333333333
0.9333333333333333
0.9333333333333333
0.9333333333333333
0.9333333333333333
0.9
0.9333333333333333
0.9333333333333333
0.9333333333333333
0.9333333333333333
0.9333333333333333
0.9
0.9
0.9333333333333333
0.9333333333333333
0.9333333333333333
0.9333333333333333
0.9
0.9
0.9
0.9333333333333333
0.9333333333333333
0.9
0.9333333333333333
0.9333333333333333
0.9333333333333333
0.9333333333333333
0.9333333333333333
0.9333333333333333
0.9333333333333333
0.9
0.9333333333333333
0.9333333333333333
0.9333333333333333
0.9333333333333333
0.9333333333333333
0.9666666666666667
0.9
0.9333333333333333
0.9333333333333333
0.9
0.9
0.9333333333333333
0.9333333333333333
0.9333333333333333
0.9333333333333333
0.9333333333333333
0.9333333333333333
0.9
0.9
0.9333333333333333
0.9333333333333333
0.9333333333333333
0.9333333333333333
0.9333333333333333
0.9333333333333333
0.9333333333333333
0.9333333333333333
0.9
0.9333333333333333
0.9333333333333333
0.9333333333333333
0.9333333333333333
0.9333333333333333
0.9
0.9333333333333333
0.9
0.9333333333333333
0.9333333333333333
0.9
0.9333333333333333
0.9333333333333333
0.9333333333333333
0.9333333333333333
0.9333333333333333
0.9333333333333333
0.9
0.9333333333333333
0.9333333333333333
0.9333333333333333
0.9333333333333333
0.9333333333333333
0.9333333333333333
0.9
0.9333333333333333
0.9333333333333333
0.9333333333333333
0.9
0.9333333333333333
0.9333333333333333
0.9333333333333333
0.9333333333333333
0.9333333333333333
0.9333333333333333
0.9333333333333333
0.9
0.9333333333333333
0.9
0.9
0.9333333333333333
0.9333333333333333
0.9
0.9333333333333333
0.9333333333333333
0.9333333333333333
0.9
0.9333333333333333
0.9
0.9
0.9
0.9333333333333333
0.9333333333333333
0.9333333333333333
0.9
0.9333333333333333
0.9333333333333333
0.9333333333333333
0.9333333333333333
0.9333333333333333
0.9333333333333333
0.9333333333333333
0.9333333333333333
0.9
0.9333333333333333
0.9333333333333333
0.9333333333333333
0.9
0.9333333333333333
0.9333333333333333
0.9333333333333333
0.9
0.9
0.9
0.9333333333333333
0.9333333333333333
0.9333333333333333
0.9333333333333333
0.9
0.9333333333333333
0.9333333333333333
0.9333333333333333
0.9
0.9
0.9333333333333333
0.9333333333333333
0.9333333333333333
0.9333333333333333
0.9333333333333333
0.9333333333333333
0.9333333333333333
0.9
0.9
0.9333333333333333
0.9333333333333333
0.9333333333333333
0.9333333333333333
0.9333333333333333
0.9333333333333333
0.9333333333333333
0.9
0.9333333333333333
0.9333333333333333
0.9333333333333333
0.9333333333333333
0.9333333333333333
0.9333333333333333
0.9333333333333333
0.9
0.9333333333333333
0.9
0.9333333333333333
0.9333333333333333
0.9333333333333333
0.9333333333333333
0.9333333333333333
0.9333333333333333
0.9333333333333333
0.9333333333333333
0.9333333333333333
0.9
0.9333333333333333
0.9333333333333333
0.9333333333333333
0.9
0.9333333333333333
0.9333333333333333
0.9
0.9333333333333333
0.9333333333333333
0.9333333333333333
0.9333333333333333
0.9
0.9
0.9
0.9333333333333333
0.9333333333333333
0.9333333333333333
0.9
0.9333333333333333
0.9
0.9333333333333333
0.9333333333333333
0.9
0.9333333333333333
0.9333333333333333
0.9333333333333333
0.9333333333333333
0.9333333333333333
0.9333333333333333
0.9
0.9333333333333333
0.9333333333333333
0.9333333333333333
0.9
0.9
0.9333333333333333
0.9333333333333333
0.9
0.9333333333333333
0.9333333333333333
0.9
0.9333333333333333
0.9333333333333333
0.9333333333333333
0.9
0.9333333333333333
0.9
0.9333333333333333
0.9333333333333333
0.9333333333333333
0.9666666666666667
0.9
0.9333333333333333
0.9333333333333333
0.9
0.9333333333333333
0.9333333333333333
0.9333333333333333
0.9333333333333333
0.9
0.9333333333333333
0.9333333333333333
0.9333333333333333
0.9333333333333333
0.9333333333333333
0.9333333333333333
0.9333333333333333
0.9333333333333333
0.9333333333333333
0.9333333333333333
0.9333333333333333
0.9333333333333333
0.9333333333333333
0.9333333333333333
0.9
0.9333333333333333
0.9333333333333333
0.9333333333333333
0.9333333333333333
0.9333333333333333
0.9333333333333333
0.9333333333333333
0.9333333333333333
0.9
0.9333333333333333
0.9333333333333333
0.9
0.9333333333333333
0.9333333333333333
0.9333333333333333
0.9333333333333333
0.9333333333333333
0.9333333333333333
0.9333333333333333
0.9333333333333333
0.9
0.9666666666666667
0.9333333333333333
0.9333333333333333
0.9333333333333333
0.9
0.9333333333333333
0.9333333333333333
0.9333333333333333
0.9333333333333333
0.9333333333333333
0.9333333333333333
0.9333333333333333
0.9333333333333333
0.9333333333333333
0.9
0.9333333333333333
0.9333333333333333
0.9333333333333333
0.9333333333333333
0.9333333333333333
0.9333333333333333
0.9
0.9333333333333333
0.9
0.9333333333333333
0.9333333333333333
0.9333333333333333
0.9
0.9333333333333333
0.9
0.9
0.9333333333333333
0.9333333333333333
0.9
0.9333333333333333
0.9333333333333333
0.9333333333333333
0.9333333333333333
0.9333333333333333
0.9333333333333333
0.9333333333333333
0.9666666666666667
0.9333333333333333
0.9333333333333333
0.9333333333333333
0.9333333333333333
0.9
0.9333333333333333
0.9333333333333333
0.9333333333333333
0.9333333333333333
0.9333333333333333
0.9333333333333333
0.9333333333333333
0.9333333333333333
0.9
0.9333333333333333
0.9333333333333333
0.9333333333333333
0.9333333333333333
0.9333333333333333
0.9333333333333333
0.9
0.9333333333333333
0.9333333333333333
0.9333333333333333
0.9333333333333333
0.9
0.9333333333333333
0.9333333333333333
0.9333333333333333
0.9
0.9333333333333333
0.9
0.9333333333333333
0.9666666666666667
0.9
0.9333333333333333
0.9333333333333333
0.9
0.9333333333333333
0.9333333333333333
0.9333333333333333
0.9333333333333333
0.9333333333333333
0.9333333333333333
0.9
0.9
0.9
0.9333333333333333
0.9333333333333333
0.9333333333333333
0.9333333333333333
0.9333333333333333
0.9333333333333333
0.9333333333333333
0.9333333333333333
0.9333333333333333
0.9333333333333333
0.9333333333333333
0.9
0.9333333333333333
0.9333333333333333
0.9333333333333333
0.9333333333333333
0.9333333333333333
0.9
0.9333333333333333
0.9333333333333333
0.9333333333333333
0.9333333333333333
0.9333333333333333
0.9333333333333333
0.9333333333333333
0.9333333333333333
0.9
0.9333333333333333
0.9333333333333333
0.9333333333333333
0.9333333333333333
0.9333333333333333
0.9
0.9333333333333333
0.9333333333333333
0.9333333333333333
0.9333333333333333
0.9333333333333333
0.9
0.9333333333333333
0.9333333333333333
0.9333333333333333
0.9333333333333333
0.9333333333333333
0.9333333333333333
0.9333333333333333
0.9333333333333333
0.9333333333333333
0.9
0.9333333333333333
0.9333333333333333
0.9333333333333333
0.9333333333333333
0.9333333333333333
0.9333333333333333
0.9333333333333333
0.9333333333333333
0.9333333333333333
0.9333333333333333
0.9
0.9333333333333333
0.9333333333333333
0.9333333333333333
0.9333333333333333
0.9
0.9333333333333333
0.9333333333333333
0.9333333333333333
0.9333333333333333
0.9333333333333333
0.9333333333333333
0.9333333333333333
0.9333333333333333
0.9333333333333333
0.9333333333333333
0.9333333333333333
0.9333333333333333
0.9333333333333333
0.9333333333333333
0.9333333333333333
0.9333333333333333
0.9333333333333333
0.9333333333333333
0.9333333333333333
0.9333333333333333
0.9333333333333333
0.9
0.9
0.9
0.9333333333333333
0.9333333333333333
0.9333333333333333
0.9333333333333333
0.9333333333333333
0.9333333333333333
0.9333333333333333
0.9333333333333333
0.9
0.9333333333333333
0.9333333333333333
0.9333333333333333
0.9333333333333333
0.9333333333333333
0.9333333333333333
0.9333333333333333
0.9
0.9333333333333333
0.9333333333333333
0.9333333333333333
0.9333333333333333
0.9333333333333333
0.9333333333333333
0.9333333333333333
0.9333333333333333
0.9333333333333333
0.9333333333333333
0.9333333333333333
0.9
0.9333333333333333
0.9333333333333333
0.9333333333333333
0.9333333333333333
0.9333333333333333
0.9333333333333333
0.9333333333333333
0.9333333333333333
0.9333333333333333
0.9333333333333333
0.9333333333333333
0.9333333333333333
0.9
0.9333333333333333
0.9333333333333333
0.9333333333333333
0.9
0.9
0.9
0.9333333333333333
0.9333333333333333
0.9666666666666667
0.9333333333333333
0.9333333333333333
0.9333333333333333
0.9333333333333333
0.9333333333333333
0.9333333333333333
0.9
0.9333333333333333
0.9333333333333333
0.9333333333333333
0.9333333333333333
0.9333333333333333
0.9333333333333333
0.9333333333333333
0.9
0.9333333333333333
0.9333333333333333
0.9333333333333333
0.9333333333333333
0.9333333333333333
0.9333333333333333
0.9333333333333333
0.9333333333333333
0.9333333333333333
0.9333333333333333
0.9333333333333333
0.9333333333333333
0.9333333333333333
0.9333333333333333
0.9333333333333333
0.9
0.9333333333333333
0.9333333333333333
0.9333333333333333
0.9333333333333333
0.9333333333333333
0.9333333333333333
0.9333333333333333
0.9333333333333333
0.9333333333333333
0.9333333333333333
0.9333333333333333
0.9333333333333333
0.9333333333333333
0.9333333333333333
0.9333333333333333
0.9333333333333333
0.9333333333333333
0.9
0.9333333333333333
0.9333333333333333
0.9
0.9333333333333333
0.9333333333333333
0.9333333333333333
0.9333333333333333
0.9
0.9333333333333333
0.9333333333333333
0.9333333333333333
0.9333333333333333
0.9333333333333333
0.9333333333333333
0.9333333333333333
0.9
0.9333333333333333
0.9333333333333333
0.9
0.9333333333333333
0.9
0.9333333333333333
0.9
0.9333333333333333
0.9666666666666667
0.9333333333333333
0.9333333333333333
0.9333333333333333
0.9333333333333333
0.9
0.9333333333333333
0.9333333333333333
0.9
0.9333333333333333
0.9
0.9333333333333333
0.9333333333333333
0.9333333333333333
0.9333333333333333
0.9333333333333333
0.9333333333333333
0.9333333333333333
0.9333333333333333
0.9333333333333333
0.9333333333333333
0.9333333333333333
0.9333333333333333
0.9333333333333333
0.9333333333333333
0.9
0.9333333333333333
0.9333333333333333
0.9333333333333333
0.9
0.9333333333333333
0.9333333333333333
0.9333333333333333
0.9333333333333333
0.9333333333333333
0.9333333333333333
0.9333333333333333
0.9333333333333333
0.9
0.9333333333333333
0.9
0.9333333333333333
0.9333333333333333
0.9333333333333333
0.9
0.9333333333333333
0.9333333333333333
0.9333333333333333
0.9333333333333333
0.9333333333333333
0.9333333333333333
0.9
0.9666666666666667
0.9333333333333333
0.9333333333333333
0.9
0.9333333333333333
0.9333333333333333
0.9333333333333333
0.9333333333333333
0.9333333333333333
0.9333333333333333
0.9333333333333333
0.9333333333333333
0.9
0.9333333333333333
0.9333333333333333
0.9333333333333333
0.9333333333333333
0.9333333333333333
0.9333333333333333
0.9
0.9333333333333333
0.9333333333333333
0.9333333333333333
0.9333333333333333
0.9333333333333333
0.9333333333333333
0.9333333333333333
0.9333333333333333
0.9333333333333333
0.9333333333333333
0.9333333333333333
0.9333333333333333
0.9333333333333333
0.9333333333333333
0.9
0.9333333333333333
0.9333333333333333
0.9333333333333333
0.9333333333333333
0.9333333333333333
0.9333333333333333
0.9333333333333333
0.9333333333333333
0.9333333333333333
0.9
0.9333333333333333
0.9333333333333333
0.9333333333333333
0.9
0.9333333333333333
0.9333333333333333
0.9666666666666667
0.9333333333333333
0.9333333333333333
0.9333333333333333
0.9333333333333333
0.9333333333333333
0.9333333333333333
0.9333333333333333
0.9333333333333333
0.9
0.9333333333333333
0.9333333333333333
0.9
0.9333333333333333
0.9333333333333333
0.9333333333333333
0.9333333333333333
0.9333333333333333
0.9333333333333333
0.9333333333333333
0.9333333333333333
0.9
0.9333333333333333
0.9333333333333333
0.9333333333333333
0.9333333333333333
0.9333333333333333
0.9
0.9333333333333333
0.9333333333333333
0.9333333333333333
0.9
0.9333333333333333
0.9333333333333333
0.9333333333333333
0.9333333333333333
0.9333333333333333
0.9333333333333333
