0.6627110618736718
0.5986113598050444
0.5444453551561199
0.502146512581969
0.46979661926128063
0.4469635165509239
0.42960286995415886
0.41760544874709804
0.40683411201876407
0.4032119610762394
0.39613155595302746
0.3941599280164255
0.39166592788286336
0.38902990229589274
0.38792122972645304
0.38660488389637027
0.38550600351965897
0.38427784326387987
0.3822049177205682
0.38299910141008886
0.3825615713605798
0.381923826029062
0.3814781254842877
0.38145246596971716
0.3795854694279009
0.3804388717315407
0.3803269061963917
0.37969065794718593
0.37838695110019027
0.3780236918616068
0.37897169557068744
0.37918914907571744
0.37829060784315116
0.37855089043375545
0.378207609824725
0.3776801323757423
0.3759568050388634
0.3773617972100588
0.37634673663695684
0.3765548085595293
0.37595906730632694
0.37560751063217335
0.3751501326465365
0.37470416446124055
0.3746330327740576
0.3738548054015315
0.3722173007318216
0.3731165695451756
0.3715324012015528
0.3721686496215725
0.3706184348118973
0.37122133682791775
0.370747945380018
0.36913801902527055
0.3699477009599009
0.36914380157236754
0.3672611004354582
0.36789626741519244
0.36799774716440353
0.367252396371363
0.36655863207271866
0.3657261560325944
0.36392335328684855
0.36428494553408464
0.36347697586851174
0.36313539171396814
0.3609355094688064
0.361815788830898
0.36084551218514727
0.36027105562087103
0.3594070842486142
0.35814443077548763
0.35758321689084877
0.35555012148172294
0.3558429775539203
0.3547504910394362
0.3536090684710213
0.35343594076029816
0.3522688080643914
0.35070254035544624
0.350027808492401
0.3491261324130369
0.3485321607539218
0.34696919651261204
0.3460291352733576
0.3445940628018054
0.34398524922692153
0.341092006547201
0.3416846150617111
0.3401875953548049
0.33844404140774936
0.33689464823193227
0.3375363358663229
0.33562443994927504
0.33494099298226077
0.332739792976138
0.3313473420063744
0.33172555019388944
0.3305884416276364
0.32793812278272794
0.3267001180312127
0.32568067159119585
0.3255797479755619
0.32480097697946
0.3229284657864451
0.3208954383633152
0.3212854259080625
0.31990004105880365
0.318556308324795
0.31795298276937345
0.31672132673190867
0.31380575528661486
0.3145139306218583
0.3125334326143705
0.3122469361752154
0.311701978815217
0.30867014545642346
0.3090876781167803
0.30861421962598773
0.3067176245169547
0.30583418746232055
0.3049784768105892
0.3037840383785143
0.30305010808312804
0.30175235864191674
0.3010209979153082
0.29940033160429763
0.29847324249459284
0.2992400534911982
0.29664737374916184
0.29701986776550904
0.2960138068604218
0.29519416408145416
0.2936700999634674
0.29334612346231426
0.2927692901505278
0.292174274949757
0.29068838377346895
0.2887207085824303
0.2893315117254879
0.2886915127153608
0.2884941060867164
0.2877851419327754
0.28746100632492794
0.28511629438479547
0.2853688478147098
0.2840415765409802
0.2832879976662966
0.28243617235425517
0.2829809476819084
0.2812652964274376
0.28101655962949534
0.28095406925675004
0.27995728347391563
0.27959895714784544
0.27823714473237715
0.27852772244106583
0.2784464746187247
0.2775083035484507
0.27729231484580985
0.27649032622357583
0.27652463501614033
0.27522191083998265
0.2754843776460372
0.2743068129662039
0.27458743371093836
0.27444862459915
0.27301762190071055
0.2733954100651304
0.2719340604352724
0.27262078116456495
0.2723543721201103
0.271415970804314
0.27086095382026215
0.2711060255290617
0.2707673380295727
0.2693301543048704
0.2699020647409155
0.2694989025729985
0.26905558194614493
0.2671726144236225
0.26720775737981484
0.2686657518181843
0.2673590022665984
0.26725674222407014
0.2664088923504617
0.2665243774583343
0.2666276311704359
0.26576348767336755
0.2659668470042488
0.265481481507682
0.2651054480758457
0.26362771288589265
0.26473371778759397
0.2638740950092382
0.26353588778543924
0.26304468822660954
0.2636688686512776
0.26304423113867004
0.26353131073900704
0.2628129014804626
0.26240342587317855
0.2624129592706608
0.26177500614576266
0.2617891522497837
0.2606592884308561
0.26155005777195106
0.26022084977970455
0.25949541666405196
0.26004381496219997
0.26047239945558875
0.25849788635042437
0.2584688091396749
0.25942992864381265
0.2597562504394792
0.25917298605729633
0.2581619098027786
0.25760873530544254
0.25862763569831787
0.25710812590046295
0.2577471831983261
0.25586917096833656
0.2578698390826558
0.25745626632535284
0.257083886578166
0.2554282791455363
0.25673169450201216
0.25533517502076125
0.2551680358169399
0.2542244841389133
0.25485569755213144
0.25415113675955336
0.2534604019371051
0.2550078621934754
0.2535724484646631
0.2546359929736834
0.2555751342916342
0.2531958573435101
0.25312407448680474
0.25276636570356387
0.253753912487522
0.25355319153267697
0.2526049508108831
0.2512981222285098
0.25307575784009523
0.25191000128137847
0.2521803842520029
0.25296234598423656
0.2519059447988611
0.2519014397608511
0.2518868609696445
0.25168784968253893
0.25032453404822924
0.2513355486814649
0.24938074148871883
0.25101352959142503
0.2508098413214322
0.25047792763714477
0.24948888741482755
0.2489059951936698
0.24899847272021547
0.24938545967489706
0.2477731540051476
0.24851937257635565
0.2494036209855372
0.24984661866472962
0.24874557457840332
0.24888119919526996
0.24848268795973927
0.24847863586023655
0.24663353688710682
0.24790333635482176
0.2479186138775894
0.24766010708598019
0.24869943339190828
0.24680808906789667
0.24625633600491698
0.24623894622643752
0.2466266579384877
0.24635427347533911
0.24665353654314504
0.24582236168937716
0.24525572754641456
0.24592100813608683
0.24601764023559092
0.2447316107424663
0.24550254687194023
0.24496663922368955
0.24566477415248716
0.24462204812110533
0.24366587250373584
0.24427054442342946
0.24467114657543215
0.24348137383662838
0.24369176736656725
0.24300108446892144
0.2437772138487368
0.24389586664690088
0.24400361120709035
0.24274244415313884
0.24214765448212208
0.24155424529256805
0.2428360794383211
0.2421213856539726
0.24260087852265744
0.2416500636776293
0.24140833223018504
0.2403513665802157
0.240483689467989
0.24100666776468274
0.2408526734392522
0.2400359546599264
0.23964887148362404
0.24101283178991695
0.2407543455557413
0.24098156107752672
0.23941632276417776
0.2404442387769536
0.23937935913953906
0.24021346082706618
0.2404265492435384
0.23874079047662394
0.23864142568374647
0.23864429848570934
0.23892529961593434
0.23984703749515635
0.23861138966404613
0.2389123276217368
0.23849916993012243
0.23896429286286872
0.23765736873579563
0.23778887938431842
0.2372587079463926
0.2373354230965471
0.23741981796584422
0.23676574051044788
0.23736014239545775
0.23769936196467661
0.23731588109362967
0.23618868312255947
0.23691692420181687
0.2365358882889333
0.2357429433434342
0.23606212359557574
0.2359330308195339
0.23609002094340575
0.23574836102168367
0.23553983943463036
0.2355534029676309
0.2353932522498277
0.23527490182897604
0.2349305744845332
0.2351239691046401
0.23496740555389128
0.23474818881638204
0.23382691934737393
0.23412022737696936
0.23516379380036795
0.2333329399528552
0.2339486755464144
0.23359332874142982
0.2328069878570422
0.23347626116225817
0.23284516722359272
0.23254821679420806
0.2328928776673398
0.23309482735766354
0.23275543550645192
0.23207948163438707
0.230880183822473
0.23144637610202293
0.2315604042720014
0.23103575435657478
0.230977366548286
0.23163200876066656
0.23068795077969206
0.23134584387882454
0.23132948142120802
0.22970379106672278
0.23053142204387
0.22976696353198886
0.23071810517065028
0.23059172540245548
0.2295286731736123
0.2302641754459865
0.22922632207895982
0.2290623817496389
0.2280596903893427
0.2285182094996077
0.22957531480442822
0.22858231940914872
0.22789492756067767
0.2277951667386323
0.22865928303363647
0.22854103760170472
0.2282980375542363
0.22837880957159215
0.22890270112119443
0.2278398773799683
0.22712517468276408
0.22749776530572974
0.22753331850560632
0.22643185683783612
0.2270241565675401
0.22691494677410956
0.22555729081140075
0.22715511357624482
0.22719674298966355
0.22659411026037374
0.2250191221628297
0.2262782520889104
0.22559881164661377
0.22623977445719132
0.22624870136311745
0.2250059449027452
0.22515268759292087
0.22571607868165408
0.22510661887942757
0.22479299739442282
0.2250502896932631
0.22438512159018154
0.22474826860835515
0.22427047745095607
0.2236450698471808
0.22503954502284956
0.22444291336197908
0.22448770421337322
0.22339500898892398
0.22346697345758526
0.22311456108003946
0.22282023626713687
0.22248998226283823
0.2230216174704647
0.2242791618040806
0.2236603945388036
0.22375041265292162
0.22318205560071153
0.22361857360676354
0.22279560581248575
0.22316076017008457
0.22227084818310044
0.2216051927946148
0.22308654222730687
0.22199622536588853
0.22145180977288126
0.22141610743788379
0.22173165503082498
0.22198757704042207
0.22125621836538376
0.22150465998294463
0.22186782665920637
0.22153286097230424
0.22148398996915458
0.22051168421964715
0.22009391978723147
0.2203136383344424
0.2205080550552827
0.22059534843610482
0.2206753181488329
0.21935029630557012
0.2199670801001158
0.2200565580395797
0.22044683825271288
0.22024657520278149
0.22032491796196987
0.2196805111481708
0.2194804878784054
0.21934459706158244
0.2193011427047444
0.21802499098204692
0.21865559699462164
0.21905271817625022
0.21937802621227243
0.21832535390281163
0.21851175888949598
0.2191745574959893
0.21892920080169792
0.21777900164600816
0.21878069630186375
0.21794922900761038
0.21790351792148138
0.21722787381004965
0.21837818551123833
0.2174562232608051
0.21810184821027362
0.21743537050035094
0.21843766223052669
0.21695001263408137
0.21771583633916766
0.21681805679102592
0.21806965847351098
0.21760962411030899
0.2175512134132845
0.21665762797951943
0.21707429328335637
0.21709629245183448
0.21701980218129616
0.21695906147489954
0.21666948840787675
0.21567580218143018
0.2161433661103418
0.21713237485452896
0.2163127373520392
0.21566692382585523
0.21526176296102922
0.21527167976331146
0.21611609555222783
0.21573728793210425
0.21626131523593348
0.2162325349045611
0.21541208585552374
0.2159116126268636
0.21552578900897887
0.21494177544149853
0.2149593982265695
0.21538065902986125
0.2150967322202129
0.2152027363313783
0.21523123484500656
0.21509826179525685
0.2150475941713344
0.21438650446693708
0.21396654711476495
0.21449339964534012
0.21429499034483385
0.2143962285631074
0.2139966273106012
0.21450176440366323
0.21404120424751827
0.21444802595595994
0.21430900534089775
0.2133042996443841
0.213473255303677
0.21452573015670376
0.21370887419424373
0.21393996667629395
0.2135887607277553
0.21302692267481926
0.2126741622112181
0.21303504626915432
0.21348159895440066
0.21352576124231282
0.21278177872475162
0.21384748347252708
0.21301452397684678
0.21262383142449767
0.21296261403450994
0.2135645170636344
0.21228822729908864
0.21247742045273685
0.21283069824267603
0.21238437270219707
0.2124506491114011
0.21210410621680703
0.21311577024308542
0.2117858463596756
0.2129644310734995
0.21171425725587156
0.21210130185884404
0.21225180759738038
0.21271483595749227
0.21219080277822883
0.21193563422829895
0.21180607440080695
0.21199255536119221
0.2121916054008204
0.21125700971246347
0.21188440524658944
0.21085647398352814
0.21147923434099247
0.2112879447540175
0.2109848565518627
0.21130462369477693
0.2112225680470129
0.21126957124740536
0.21113864025199686
0.21126167515297803
0.2110400108926992
0.21122643396695207
0.2106990541088315
0.2105295635402497
0.21114578093149555
0.21051799567719087
0.21069416531598098
0.21092600282467378
0.2105875865815992
0.21056999239569937
0.21021275399378894
0.21025845252224168
0.20962010071202858
0.21037094956352054
0.21016101715320284
0.21018172566428395
0.21022019366312936
0.21037480926058155
0.21038913360754088
0.20932715095112814
0.20952152083446235
0.21010769227445197
0.20956559025212235
0.20864232920449083
0.2089374233393198
0.20943713545883358
0.20977386721996688
0.20979424933155252
0.20963135050794687
0.2091885821118537
0.20997397074727536
0.20900355168119322
0.20965283252244965
0.20938344021690097
0.20919731311116815
0.2095107635634194
0.20873493428513218
0.208202411568455
0.20903398637620257
0.20934170775753835
0.20917438646640765
0.20866873870206754
0.20905307195800377
0.20864854755791268
0.20900071142274118
0.2085613313235442
0.20782066064194363
0.20850808391119283
0.20893559727686986
0.20873430810459118
0.20891155100792846
0.20837014423549782
0.20732360549239504
0.20842440235668838
0.20849226977313262
0.20865258983970816
0.20822318436854764
0.20808167768600666
0.20851368563242786
0.20789475484513398
0.20716106730351547
0.20739026926958043
0.20825309372612516
0.20768310748296465
0.20792740305970406
0.2079542518780063
0.2081362597810954
0.20816702363174328
0.20765309539183685
0.20750694932388478
0.20704138926670568
0.20794453597604098
0.20781024400782133
0.20759144014488592
0.20737419239569982
0.20752671111285997
0.20756349468072666
0.20717104327221586
0.20803244329542922
0.2077335225267052
0.2071026839211627
0.20743845315152543
0.20704511304407208
0.2068553627032601
0.20748060748221278
0.206836511354299
0.20644869648646172
0.20714160836764595
0.2070455563095987
0.20719536953901288
0.20688199405908886
0.2062123834089799
0.2067671640634216
0.2067320083016455
0.20689326806899402
0.2064216007931357
0.2068254665743896
0.20593292772134056
0.20664781360814433
0.2063340106818227
0.20550216569860852
0.2058262242419907
0.20676837367273662
0.20647753802074795
0.20629387111408376
0.20574869258166528
0.20600680220305945
0.20665042757148816
0.20613007241979361
0.20647806513331868
0.20613162798130272
0.20610301951252996
0.20542008850606752
0.205948404140267
0.20604064398854552
0.20646190429801392
0.2060169868657539
0.20578833392555518
0.20628401009929992
0.20587627688321716
0.20587256902732504
0.20594584056229262
0.20573326195921324
0.2059353233689048
0.20625729007169663
0.20570887223874373
0.20590764190963834
0.20541513964731925
0.20578328952312747
0.20604148304129002
0.20578164263839344
0.20582258136282813
0.20549342030223489
0.20528013540730547
0.2045791170018726
0.20479147993029226
0.20518388086018213
0.205312803936141
0.20550901993640128
0.20544601132108886
0.20525107844677137
0.20505283711495542
0.204629486195635
0.20505091362867595
0.20555708198236325
0.20485891926521038
0.20535046283196168
0.20538603300755
0.204889263122106
0.20540984693907174
0.20471021420770466
0.20438550251044962
0.20487887073228675
0.20462638833505437
0.20398120890433216
0.2048434212526991
0.20497596286345066
0.20489001327547565
0.20523586212232248
0.20499034320946732
0.20465038351237946
0.20535810206275001
0.20483516105464872
0.20436469418554282
0.20516761349026763
0.20436642141992056
0.20490044851232164
0.20482743909300052
0.20450174068269522
0.2047754610860329
0.20453865375047448
0.2045146812744671
0.2044302752829088
0.20463968500836108
0.20477422429586373
0.2044388718153287
0.20400171444168566
0.2034208176928171
0.20355660836506978
0.20444232094500148
0.20436122377131966
0.20435150294508847
0.20314952261359454
0.20412661113675465
0.20435011704080186
0.20390578951158617
0.2041714750455824
0.2041521960791683
0.20442806193214388
0.20386183870319177
0.20329826663148406
0.2038924061416026
0.2039808795682755
0.2043723054701501
0.20382942180265848
0.20436425319083146
0.20400821271785552
0.20352779741397278
0.20309386266109042
0.20382923385946408
0.2038033740942078
0.2038687482124078
0.20368723583913215
0.2034156387889388
0.20408104259466223
0.20342241619483648
0.20432610724881003
0.20358165038265538
0.20362915794016045
0.20361058417493824
0.20356076716384397
0.2034590456623625
0.20332487090913015
0.20344707906322212
0.2036862095815647
0.20356767783006444
0.20342103762321168
0.20362999541908647
0.20268429372447871
0.20332685717392085
0.2031488040846437
0.20343384848357154
0.20325232661872797
0.20381649286702827
0.20333084858444161
0.2034498031508576
0.20327056497767657
0.20285788559329582
0.2031292362212159
0.20306146971143585
0.20368050697427126
0.2029525048495251
0.20380204815943284
0.2028648026962364
0.20237741620348115
0.20266803960729451
0.20324661436920552
0.20278396177651822
0.20305461201973274
0.20319372041835973
0.2028641516042645
0.2031053593992766
0.20287152157131003
0.2029650485503467
0.20283922428689122
0.2025412334361391
0.20341708775061762
0.2026039001197643
0.20299204133903545
0.202715705983289
0.20289301281689598
0.20266680406678164
0.20259745275735844
0.20262895828677688
0.2033302817391941
0.2023586330891643
0.20188274853763682
0.20231818172977747
0.20260302356350746
0.20178289585640385
0.2025314337866514
0.20228934619926542
0.20252864906390095
0.2029642759313883
0.20246029924429904
0.20220706194123206
0.20168589520940933
0.20213178760945943
0.20256572104439813
0.2026645829893654
0.2026236939588603
0.20196108204688698
0.20224776116368365
0.20226575996757284
0.20153721666949073
0.20252087261039647
0.20231738725090131
0.20233964696102824
0.20250211421003303
0.2018494736832758
0.2021584521801707
0.20119849730847603
0.20255175438015127
0.20187631628881308
0.20219275515475946
0.20230740052851354
0.20203408364347755
0.2017535377999914
0.20109135798179895
0.20223892057541326
0.20227972269561095
0.20191161008391156
0.20243794976305993
0.20166293013689882
0.20126288451558175
0.20170241143799544
0.20202896444088952
0.20192193734795777
0.2019935569385361
0.20116819264938102
0.20146696687525095
0.20202897969565686
0.20194497338930012
0.20179421770013728
0.20245782405294577
0.20179820521491862
0.2014774458705271
0.20221355955798986
0.2013652866946628
0.20168686841430422
0.2008534818078897
0.2014391503666139
0.20064198354600093
0.20169864961732467
0.20166075387635396
0.20173551436180143
0.20158961075869902
0.20147702221710057
0.20159019653649118
0.20181004577138265
0.20155990009832944
0.2012474141921572
0.2004909867240668
0.20073038066045495
0.2011806148020957
0.20187524365699605
0.20116017290836033
0.2013313053728616
0.20154679984685153
0.2018606190246789
0.2011017428107252
0.20123996253000576
0.20155520152406942
0.20102995948335628
0.20123516364386168
0.20027217562468297
0.201502286183256
0.20181832206933484
0.20129418024724158
0.20149308452090028
0.20103766180692445
0.20142947840556458
0.20121300738102063
0.20090212680978126
0.20166614130000846
0.20111416403069077
0.20137277678056642
0.20084192304193021
0.20035766926875465
0.20111693281601986
0.2009264666551669
0.20125024978491468
0.20110578965902226
0.20140530050350505
0.20072265213728988
0.20099451300061816
0.20026532631806118
0.20096701973640665
0.20067259995187486
0.20094355150883358
0.20098869930990176
0.20079028257153497
0.20098226975104858
0.2008140656742011
0.20077277689098372
0.20133933110610713
0.20057248893884108
0.20078915855131968
0.2007948870766213
0.20148792408948252
0.20054965536858727
0.20130995998060863
0.20060294277254298
0.20070291702384013
0.20002492966485197
0.2003976707895736
0.20071487218692463
0.19970512537337082
0.20065380473407365
0.20057722093102426
0.20064176721739369
0.2008691399840948
0.20090072218439708
0.20055980852268812
0.20088529300621968
0.2003880020056366
0.199814945908035
0.20054194786475021
0.19956121866791607
0.20102208680907382
0.2005929250497088
0.20051973908605786
0.20055930157148238
0.2007472125457076
0.20016729574315162
0.20085696474740536
0.20017373029834584
0.20080809682180112
0.20064719018808158
0.20015518919499545
0.20066554195361694
0.2001311731738532
0.1996193552337054
0.19999257175553414
0.19965698882460628
0.20007244963827767
0.19935229518744413
0.20027714548751374
0.20050488859236282
0.20031694317460014
0.20026161693389627
0.20025746021629595
0.20027176055436777
0.20026039537574059
0.20023057384854198
0.2001603959741376
0.20023536096276534
0.2001897968663474
0.19990553092247593
0.19943907892998539
0.19993718195159488
0.19934519870664652
0.20016020851559901
0.19982570830534685
0.2005863065061662
0.20020375685296604
0.19985619826864304
0.2000659884787766
0.20019693073676684
0.19999113561467224
0.2001276703556187
0.19978577842129108
0.20042001910158874
0.19974253907261072
0.20040296127177443
0.1997725275326661
0.19986643927077993
0.19899643662869387
0.2003962097838023
0.20018985933877226
0.1999450406078488
0.19972170215799306
0.20054176678658134
0.19965988526664846
0.19917390036214133
0.19994648787332908
0.19959539913957458
0.19981197823243507
0.19976642022365335
0.20020793001052126
0.19958198489027884
0.19982849292988952
0.20031158295839316
0.19981763750685036
0.19999592389330306
0.1994304935500789
0.1997138246642034
0.199844428666442
0.19971814953104317
0.19960000920074766
0.19965477073380217
0.19994888688187862
0.19993131640908635
0.19939661787185897
0.2001022683446637
0.1997306222319368
0.1996823142181643
0.1996468431972462
0.1993765693238973
0.19890435339577572
0.19930972419600818
0.1996758282728123
0.19955053997071526
0.19887798134596119
0.19951514935459821
0.19951484864761304
0.19949659423915322
0.19968132722451604
0.19945900894407767
0.19975598355342145
0.1995466833680497
0.1992435307845706
0.1993487364318426
0.19943103036740817
0.19839995140305805
0.1999468733573013
0.1997169910787313
0.19945138055267642
0.19922377432112592
0.1986819548210704
0.19938403003205799
0.19938382316672348
0.1990848649359585
0.1993186848482971
0.19983229425391627
0.19938249160006974
0.199048460505866
0.1992894435843664
0.19949488421553144
0.19951814758790695
0.1990672073689987
0.19929295273251088
0.1991613991635114
0.19972751173912814
0.1989692203518588
0.19970724300576093
0.19894899799751123
0.19923792855580658
0.19844749177571672
0.19892653934518087
0.19969183076195032
0.1988790130993241
0.1993521381994346
0.19937286675094212
0.1991502751037842
0.19840557633986114
0.1988723652687397
0.19938084929226663
0.19914979854067494
0.1993568692190998
0.19888709583403502
0.1992748236437877
0.19806887265676276
0.19907021044533035
0.1993121303381614
0.19878075935225112
0.19899040164446422
0.199224319379995
0.19927060101124136
0.19873094606256209
0.19900007312550133
0.19916173695790068
0.19903235251107274
0.1990122716346095
0.19825071764453556
0.19922700118622647
0.19901882161425494
0.19895200837723837
0.19868427336982744
0.19906620816230394
0.19886146053093307
0.1991408622081806
0.19891364727936145
0.1988594103162296
0.19884111400352988
0.198149627642259
0.19862851639343454
0.19814028129323047
0.19910578715537766
0.19877543517561422
0.19932790794937583
0.19857973950322608
0.19902459197990952
0.19885771310129283
0.19875722861531464
0.19874878329989315
0.19900408266587222
0.1984814878336896
0.1987721782796028
0.19773480748878036
0.19920465417041042
0.1984304616750518
0.19803807640908588
0.1987665222728759
0.19868929907452718
0.19848312004354468
0.19908788039703423
0.1986751814478716
0.19843198633626902
0.19869280463787614
0.19931568458485913
0.19847104092903162
0.1987374337726549
0.19908835415641266
0.19838752968194956
0.19786626014503378
0.198332510207274
0.19906776864805792
0.19835249862215032
0.19883245867631005
0.19884111910632174
0.1982971584143759
0.19855477479012407
0.1987112583637013
0.19872753047367822
0.1978391660952611
0.19827245235915336
0.1985285034929286
0.1984973563102176
0.1985029419531723
0.19893237475062753
0.19872896661571626
0.19822507379431392
0.1984863102083873
0.19747908146498608
0.198693985582074
0.19820338047480227
0.1984025258303468
0.19888682127667323
0.19850911972555257
0.19841020783124433
0.19865344116001074
0.19812380114415618
0.19847903117704263
0.19863590881227974
0.19807148993537782
0.19739792367491904
0.1976264050132643
0.19834184898557325
0.19838185688239524
0.1983049058945083
0.19811626802860333
0.19897538661217332
0.1983530298947156
0.19826878976396128
0.19851255946889762
0.19828381480569443
0.19822972634588837
0.19803173399909785
0.19823795605800815
0.1981304051511114
0.19847118395310087
0.1984717862319857
0.19801238012931313
0.19809913073669289
0.19752916386143524
0.198190339455117
0.19846927399270375
0.1979697236913704
0.19719966122321636
0.19843705077931917
0.19840865370876737
0.1982198983123375
0.19815414449387436
0.19839920221205587
0.19806941843448528
0.1980822368192423
0.19820550781599436
0.1978460680294965
0.19737558747988623
0.19782200594146498
0.1970493946913445
0.19738497488206452
0.19813224653283393
0.1980817371770498
0.19807770037732333
0.1978382365585919
0.19732144858803086
0.19767883656797947
0.19853398698366967
0.19830045935013862
0.1981264041477731
0.19776790362512386
0.19801671791253742
0.19796571320871897
0.19844548796937864
0.19775127628483222
0.19725543876382032
0.19796298232090828
0.19774984600578316
0.19808269836795378
0.19821658443675616
0.19764131940598556
0.1969745901496174
0.19796812745447168
0.19809733181966732
0.19790232330178942
0.19814308249000182
0.197618721351062
0.198372305971845
0.1977357352232877
0.19779603060706608
0.19802776112527293
0.19835377450754613
0.19783788677047917
0.19789728118638986
0.19762033919822092
0.1982980282853155
0.19753898086135818
0.1968403977157499
0.19800801414424668
0.19780108518629413
0.19793212903488772
0.19782389368863468
0.19780202359015456
0.19846758896398617
0.19783852890505038
0.19762294397732771
0.19819433794621993
0.19769941429371388
0.19779741203201176
0.19800064000424933
0.1973797720081636
0.19705590006089713
0.197827599890449
0.19735800022049343
0.19795533718855732
0.1976960599634098
0.19772937302156993
0.19744814870643215
0.19818274746514974
0.1976409673802363
0.1981803464216773
0.1973917621496809
0.19765706671932234
0.19756577352933624
0.1975539408373495
0.19763911434125087
0.1976377712587825
0.1977709457460286
0.19694742800202572
0.19764276589558136
0.19765459860751314
0.19758383551895
0.19754876765382381
0.1973057651011773
0.19691861387006834
0.19743361688766403
0.197478748905009
0.19804397068611154
0.19738878796594797
0.19807479466889655
0.1976628282581326
0.19734244114124572
0.19801356890434352
0.1972882648935458
0.19681402002832935
0.1972355155969917
0.1974868675966776
0.19768618859953088
0.1968020314557262
0.19750982383655827
0.19753415682854206
0.19726396974773747
0.19751153958087303
0.19736912826379355
0.19773437845890124
0.19740875965515647
0.19744227260593813
0.19717578207520237
0.19758356492214724
0.19723221822894435
0.19664680119938097
0.19725982074497478
0.19808582587272813
0.19718413959568568
0.19743062066825856
0.19741436116106453
0.1973439781886529
0.19765105192088805
0.1971917726316776
0.19783298135028407
0.19762434943397655
0.19742280977015753
0.19741195865771718
0.197351878066419
0.19729661900813708
0.19731659353453698
0.1975297471688526
0.1969632509794564
0.1966357127878256
0.1975613246081907
0.1972471007959137
0.19631561015184285
0.19659098467543484
0.1973495679270254
0.19703516737487642
0.1965673488364296
0.19710560715461778
0.19791983341865285
0.19702924089326174
0.19745780038360736
0.197210446166276
0.1974989910175122
0.19703771346299562
0.19772032439629877
0.19698376591177652
0.1973454151247292
0.19622880145582766
0.19718710840954062
0.19651851465883904
0.1969635085263604
0.19648749491560139
0.19692568923387316
0.19715730436957984
0.19714021796350817
0.19739421140467595
0.19689455344920404
0.1964312184809871
0.19717514054094518
0.19713544102440395
0.19685528089290188
0.19729137764928117
0.19737610888499038
0.1967696293508963
0.196437361439483
0.19714838331337062
0.19734098014800328
0.1968675642692231
0.19713824784464068
0.1977453126399635
0.19686243825999766
0.1962930778001929
0.1971625929174789
0.1972873755923041
0.1970746276692572
0.19701084383674922
0.19708225021556522
0.19672957332075558
0.1972212773622321
0.19748795076219425
0.19687153379473393
0.1962695469789822
0.1967515749697311
0.19694818488502275
0.19745252510350852
0.19702960750362533
0.19674044255452644
0.19699386618594156
0.19699312882073147
0.19693356478724
0.19743875990412896
0.19668830700436407
0.19746428034964078
0.19723737628628435
0.1967380625225814
0.1959332049905791
0.19625691924661784
0.1967267171326572
0.197135139458751
0.19621201743595967
0.1969585888556644
0.1971707535383482
0.19686400812081822
0.1968994544179648
0.1968932977361379
0.1973069107552606
0.19693042854831783
0.1971327579146435
0.1966859587699859
0.19710745042844227
0.19661503825734544
0.1970443316176318
0.1970146420489028
0.19682947723182842
0.19752376479841388
0.19663460094483243
0.19609541183262946
0.19681183004755662
0.19711044395671937
0.19662755266466905
0.19705645796708104
0.1965675120676426
0.1974781855724047
0.19661010946081212
0.19694923344011983
0.19701979964537944
0.19652483038419566
0.19694418435054045
0.19705298763030107
0.19655618940306085
0.19580513852939793
0.1970036246111147
0.19675785194567166
0.19678820877183442
0.1967667518801321
0.19647752461996
0.19598909517283702
0.19670000372169785
0.19638856840949773
0.19670605056338847
0.19687257681597992
0.1972073732526181
0.19645019346008813
0.1956751226309161
0.19572287616889764
0.19721874360554575
0.19675146866976323
0.19647547654433262
0.19686511033914145
0.19692520605208277
0.1967198115142093
0.19664670806326356
0.19671025065074085
0.19643775697500676
0.19666193403840537
0.19704982386353131
0.19637058557429485
0.1958596688431562
0.19669369980404625
0.19669970136860432
0.19662256615760518
0.1964341216806731
0.19676830911642168
0.1966490052206545
0.19586333325598082
0.1963605916804446
0.19662521052514942
0.19655233838184655
0.19681503803123368
0.1966327134547826
0.19658583992715284
0.19555631454326083
0.19588895839141415
0.19636272132235894
0.19672948265625462
0.1955952375630844
0.19662152431586594
0.19668629981497132
0.1965326404575798
0.19657362779320997
0.1966904603956799
0.19659877637519724
0.19722900221573378
0.19635097242905475
0.19653763486854173
0.19696562407476345
0.1962955180632044
0.19667320372421637
0.1962664181444433
0.19651363435612068
0.19671752770173573
0.1964666402500162
0.19675756713250472
0.19648720748063742
0.19643622532306454
0.19671476067717075
0.19669901490470088
0.19609665881178434
0.19671749286712753
0.1962138224241624
0.19660454224290136
0.1964707047430561
0.19618847764659397
0.196448079938553
0.19655647978911037
0.19646153826935586
0.19571158140874992
0.19616412565337124
0.19630179043266655
0.19648019270509778
0.19632337544451878
0.19544797054330615
0.19692687798484157
0.1961463412048134
0.1956967936969389
0.19615943225228355
0.19641296977554717
0.19662775123486886
0.19636929385282673
0.19612158835932975
0.196565751343724
0.19682170947762928
0.19646842978284282
0.196426003173385
0.19606601297781323
0.19699374917528634
0.19642378193513263
0.1960643454472225
0.1962651004057555
0.19628913581392954
0.1962327862597177
0.19527962161440116
0.19654439354307923
0.19594077615209277
0.1953336160245142
0.19627032271300926
0.19628639516360585
0.19623316300512028
0.19627337579509122
0.19616802785088128
0.1964948561703621
0.19530271358538687
0.19555824185863377
0.19603451629278662
0.1952714767939623
0.19627276101996222
0.1964262462426672
0.1965265797121186
0.19634112390526123
0.1962047457585739
0.19630001823096782
0.1962700187226493
0.19618525167476228
0.1962585974631694
0.1963120628158567
0.19629603884453214
0.19585616392897215
0.1961802025964442
0.19637335042813026
0.19521381420092737
0.19633760790457555
0.19637503182519908
0.195201125737807
0.19545674276166955
0.19590052680850945
0.19513768106736273
0.19611869625359934
0.1961449371651004
0.1961895391885638
0.19617993345332682
0.19631403605793396
0.1966062580767145
0.19587121104171473
0.1966094503227746
0.19597588546768324
0.19627131933911812
0.19585063358676771
0.19609210140769323
0.195442247020519
0.19596631724158114
0.19598096866044812
0.19630717489671445
0.19614078032522786
0.1965586224343426
0.1960581605054874
0.19609887962343642
0.19589495921253397
0.19505104731058653
0.19623450101061274
0.19655175553373339
0.1961085154205402
0.19573922150116468
0.19509797841899157
0.1960334736838703
0.19645695141459482
0.19600882407893977
0.19652384367163334
0.1960684003820928
0.19604519164214873
0.1957724810190919
0.19528576917073975
0.19578995959054596
0.19598649213321195
0.19603270911730292
0.19617641263201782
0.19577843221950397
0.1960018907303001
0.19619318197453628
0.1962554285058329
0.19627635648415262
0.19581488003669603
0.19600882220908117
0.1950103459379788
0.19594394547260507
0.1962396987220556
0.19621394656152105
0.19593353541809685
0.19592592542182258
0.1957621214197094
0.19499342073076092
0.19525738121659755
0.19619230536330637
0.1961888052358465
0.1957136093321103
0.19497077825314785
0.19495741059996435
0.1959475038695337
0.1960399974594999
0.19611199884069302
0.1949567007481699
0.19613843718282653
0.19562333648656124
0.1958960371329329
0.1948934131023039
0.19617650267070633
0.19564334659862226
0.19577478161689665
0.19606739247593313
0.19590278901657562
0.19587706614215494
0.19629316788369502
0.19591799414232686
0.19563465504270663
0.19518001074950803
0.1956401480669696
0.19611593345270806
0.19556165199750972
0.19516159101349262
0.19593164512222164
0.19553868551052764
0.19583770147012436
0.1963289344909329
0.19560021320297555
0.19631321948741307
0.1956338025102734
0.19628179229679255
0.19586161260131132
0.19578239002122116
0.19583078134052767
0.1958028770925861
0.19554097198364986
0.19505473437296347
0.1960148269105476
0.1955305045306624
0.19593810948747292
0.19575868354024695
0.19555865232085323
0.19599662122493036
0.19580871972729277
0.19584962572903622
0.19550091868810138
0.19623329970528275
0.19550001907079678
0.19507685009869333
0.19585352867800573
0.19572208529140156
0.19577694884553903
0.19622345808236286
0.19553695673710406
0.19618418350224853
0.19599589608281798
0.1955388033614064
0.19574172956951286
0.19617150315496185
0.1956758088390277
0.19581577761523983
0.19548367979911813
0.19584595265795682
0.19566810621587666
0.1955096076443829
0.19570774965458348
0.19620054013104324
0.19547056781595626
0.1959291671022862
0.19593805629251734
0.19548583180665316
0.19590442500566543
0.19536898629914295
0.19565610587867097
0.19562784915753384
0.19558813741819248
0.19609935502917436
0.19539056364630103
0.19564435244315373
0.1958082735471224
0.19537270357998499
0.1956841942141342
0.1956831747461184
0.19565913441901472
0.19608257566966403
0.19541577027906104
0.19583154730730262
0.195918957479751
0.19563738423723226
0.19536468843884525
0.19559241914593994
0.19579434246456284
0.19463446332530998
0.1961206763386226
0.19544022326959015
0.19457124486425853
0.1955855609808027
0.19608554650535656
0.19556678360564084
0.19581425516518133
0.19532077662507935
0.19546290742540395
0.1956095324873307
0.19480917888552576
0.19538115219578128
0.19571870010308937
0.19558038884641182
0.1948532679949159
0.1952231292358837
0.19604753577568157
0.19582439146534358
0.19556564337457974
0.19565317449773298
0.19563084661474284
0.1955043449030844
0.19528751747374778
0.19480912449436172
0.1954739624904831
0.19553287735195032
0.19567026056383038
0.19524019422240133
0.1957533342618743
0.1952036763285117
0.19551916137460526
0.19599178207815832
0.19555672225238
0.19573689125225688
0.19516540557394596
0.19546135155950883
0.19591410821225394
0.19516087197559367
0.19481897714906954
0.19527385069533332
0.19592186254739258
0.1955076915273678
0.19513895189019217
0.19594895171564594
0.1954347916105173
0.19477316829701397
0.19528104815750813
0.19476028004442367
0.1952275789880076
0.19546566590210374
0.19537887886872912
0.1946735958965881
0.19550874661278694
0.19568641387650768
0.1953851787353352
0.19511468945053234
0.19589807362661257
0.1952185635341332
0.1944486387285907
0.19587472116642846
0.19537886856419487
0.1951899858212558
0.19443585589455892
0.19468165316195102
0.19512829611085886
0.19438215989542384
0.19541887559951077
0.1955590302638688
0.19506340155840923
0.19537319331798575
0.19463853614691815
0.1953990390858166
0.19515219006383333
0.19605432070399165
0.1952151012858897
0.19553119229357194
0.19514110611556895
0.19433715653863676
0.19588229601765578
0.19518657509285758
0.19584735090451474
0.195152758191732
0.1943198982279355
0.19585519010932598
0.1951573850490636
0.19557071843003754
0.19560640600254395
0.1954335648330296
0.19508377804772525
0.19535775648773696
0.19459420577405961
0.1950600540135274
0.1946196412992905
0.19506977447676468
0.19458391176089657
0.1953235587005238
0.19525052663563738
0.19579930475560148
0.19532603472811585
0.1953695115980722
0.19524797981767775
0.19529721681550863
0.1953162571996989
0.19529608894654724
0.19505330289784145
0.1951398037316262
0.19524684569644718
0.19526987004696242
0.19541171323739862
0.19495636326631033
0.19541923895153643
0.19551641451210222
0.1949779587822209
0.19525373185038347
0.19592392398415714
0.19503024456760928
0.19525064562408273
0.1957251771980174
0.195083422333378
0.1944729038799278
0.19533067276574245
0.19500576592564078
0.19521870617136086
0.19518344782034705
0.1951046496748114
0.19538526861963484
0.19520718633580808
0.19517636468422817
0.19450862855003115
0.19524586941779445
0.1950149873163156
0.19588081857791417
0.19502802672188263
0.19568599274716914
0.1951848187644754
0.19525495107491989
0.19519461835537796
0.19493958074734052
0.19515667729037955
0.1945120444783
0.19497175304885134
0.1951752456856714
0.19414388058709275
0.1953521844003139
0.19520849839258342
0.19504178224113888
0.195646455650687
0.19520325792249826
0.19521244091091924
0.19482252035245667
0.19563165117693218
0.19540714741466364
0.195082797702741
0.1956125987217106
0.19538390582211906
0.19487218273296258
0.19564037877665974
0.19490812289042742
0.19558228455694046
0.19517251445036166
0.19533228320014626
0.19506507942175275
0.19479161006517798
0.195103426214302
0.19556793397099462
0.19513860607976985
0.19519165332350483
0.19490130797009153
0.19550966367602723
0.19530471846975536
0.1951307805143306
0.1947994837146269
0.19531028013993812
0.19508098666481033
0.19517796444907765
0.19517229865840285
0.19483105224020902
0.19549729962479098
0.19502433386506338
0.1947436547760832
0.19438175410472747
0.19476229100828396
0.19434149991936134
0.19481279036050136
0.19503359769450218
0.19491684608312976
0.19529665088189663
0.19475727027956663
0.19526608229143694
0.19500522685155408
0.19550281987312543
0.19475282865996776
0.1940426510215884
0.19434384917601596
0.19478114945873676
0.19517875343415664
0.1947850346171517
0.19400854841231752
0.1943325342933227
0.19507511275334175
0.19473112275182136
0.1950502613712838
0.19399294244930265
0.19515926606178874
0.19499690008948384
0.19496259986002584
0.19497422129747644
0.19548511047242634
0.19479255729550174
0.195484788463725
0.1950028149098313
0.1947039709230048
0.1949821531781381
0.19546828762070304
0.19498661996694916
0.1949433422727727
0.19498555577045928
0.19519598710123773
0.19492073609599792
0.19472153730761355
0.1949721665551201
0.19489799094231858
0.19520755597722364
0.19467060304023887
0.19497985931128964
0.19496581555624107
0.19518453564702384
0.19497006978552353
0.1951538049325668
0.19494746413071418
0.19504149247460661
0.19514810514482245
0.19496597154699405
0.1951753893414661
0.1948598294880271
0.19516927419021704
0.19467223200904626
0.19492662955580353
0.19387898527269917
0.19491716331140524
0.19490801718351797
0.19413624084532563
0.1950160332939214
0.1945826238966084
0.19538219385622144
0.1948577499146314
0.19459925542873843
0.1939297940998465
0.19505164735333663
0.19507769961344767
0.19454153389446346
0.1942144905844914
0.19464148539917947
0.19485798444571756
0.1947414451166812
0.19511812396836223
0.1946309533657723
0.1953402341784401
0.1946597040613962
0.1941738349059011
0.19466023415183148
0.1953006328786017
0.19481794463001909
0.19491436431301357
0.19484326032191834
0.1945756955186331
0.19522881535989378
0.1949031869846057
0.19507179310036907
0.19449445922829178
0.19500674112956182
0.19415326620322387
0.19463873023847836
0.19504896930849
0.1945033691064949
0.19415674766192775
0.19458122472535994
0.19478665543416032
0.19470448324994222
0.19503329467298128
0.19481262500368027
0.19458119416008315
0.19480770907978212
0.1949596364998407
0.19502473013295674
0.19475181221492924
0.19497113264244142
0.19477170579695724
0.19525811090282405
0.19454945198560414
0.19502137317795232
0.19445662805718633
0.19495680757020017
0.19502059589094287
0.19504575081689812
0.19481555626122568
0.19483663527545336
0.19502513830041776
0.19454756450561872
0.19542792092124178
0.19482157275775508
0.19496237173431913
0.19447950083375004
0.19540623493241294
0.19479732929801447
0.19451114699323285
0.19539627673315504
0.1948216424660534
0.19495049383570673
0.19472566164715743
0.19448641908158332
0.19520189726328982
0.1949882250765337
0.19477149888612963
0.19449429819920586
0.19486442087357214
0.19405412302356648
0.19480759985404827
0.1947600623808799
0.1943701241860748
0.1948779009135979
0.19373220390369497
0.19492801606239835
0.19474278719360125
0.19470619459670355
0.19441512845297573
0.1947241994993122
0.19399759715509135
0.19470609802144262
0.1946349197782019
0.19440659366867474
0.19471147178962162
0.19398682562175334
0.1947584193780745
0.19443876184010686
0.19467152270346727
0.19461801668026008
0.19395401597021827
0.19490575185110215
0.19475092795332674
0.1942920078689032
0.1939968231861864
0.19470332098908574
0.194912762106281
0.1946534342943254
0.1946210509829749
0.1943672053574026
0.19510783236718346
0.19485992375527197
0.19465191267667242
0.19469906945538373
0.19467961870559683
0.19465646640195056
0.19457701474391154
0.1946613445420774
0.19454367486770585
0.19387178827135731
0.19443803595666576
0.1947283367355964
0.19467204202404814
0.1939009808401188
0.1943840199945889
0.19508345195997903
0.1946275306782321
0.19437264302320192
0.19511192772372385
0.19458726431428178
0.19461771810144482
0.1944360117164659
0.19446871672595206
0.1939368893431771
0.19435569329204525
0.1947469794098419
0.1947401686248631
0.19361784902865353
0.1948168251800119
0.19441729464609098
0.19476584460290272
0.19455519042899638
0.19451291675945415
0.19472895840051588
0.19392363027376347
0.19442333593352062
0.1938049999147353
0.19469334627364324
0.19433681892063315
0.19504999128319697
0.19453088428252108
0.19453071235382163
0.1945930037532419
0.19474152332136707
0.19483887829006827
0.1947938283249307
0.19425977186999915
0.1945399183068902
0.19505592427269894
0.194597358626878
0.1945010002410192
0.19429379635258479
0.19455913713678014
0.19354096391587136
0.19456334139768866
0.19496534064159363
0.1945019478982754
0.19427832321921906
0.19382114195158032
0.19456814833638467
0.19425480822840258
0.19352965019619872
0.1944484759447742
0.19466283377706353
0.19449842709268686
0.1948920647581025
0.1945693448513484
0.19423771484346247
0.19444133066855993
0.19466248270855016
0.19467028018897972
0.1944721279180352
0.1947274987453827
0.19447067652825256
0.19444624892733522
0.19463970021193355
0.1944513933330188
0.1942837792446938
0.1944907897447198
0.19371482166800855
0.19425390368127643
0.19496386910390417
0.19455330623703004
0.19418696457538573
0.19464969259997383
0.19471818472070637
0.19468933936897145
0.1947021296729308
0.1943173204089424
0.19464593734993801
0.1934669581783098
0.19458553065580786
0.19464146027173385
0.19442890064981844
0.1949134914152653
0.19420597810576418
0.19494051112266192
0.19449874489091157
0.1944438905420344
0.19418015173045103
0.19374010617981233
0.19466926941108983
0.19416515952257346
0.19464065299233144
0.19413351093771822
0.19458664295731423
0.19369290824814955
0.19465825501869358
0.19416080896681615
0.19443775143966735
0.19459055113084306
0.19436084301972817
0.1946535556432234
0.19412062947073622
0.19489005664774814
0.19418376143318594
0.1936332019628346
0.19443583327966477
0.19409675531311676
0.1945869260630366
0.19439555259192778
0.19436973534558877
0.1946227975814913
0.19446386372702604
0.19404902214392258
0.19369206988240126
0.1941473269830921
0.19360738884982243
0.19416588487120734
0.1933996600600184
0.19432029495275255
0.19433138234509878
0.1948585804611205
0.1940896590209864
0.19439604479732264
0.19365880764963866
0.19440850887614006
0.19458088320724148
0.194119714748048
0.19449238852722728
0.19438464743062953
0.19431641700755778
0.19443398962774808
0.19434501962813708
0.19457640728593212
0.19409450020545338
0.19364456425443335
0.1943439648844257
0.19439499702794605
0.19429474207157743
0.19409797114507227
0.1947882158659865
0.19401266691892352
0.19334134224715552
0.19481877415356588
0.1943571463267033
0.19413622872903033
0.1949576948256766
0.19412026374987734
0.19452486145486933
0.1939750138147247
0.1945242047793004
0.19431994118237841
0.19404176402855886
0.19416531492221908
0.1942859855381455
0.19455661081324874
0.19428556728718055
0.19432848862549112
0.1940723995058442
0.19442500269062732
0.19430679715336702
0.19424614776128596
0.19453605418928074
0.19431938853260064
0.19394235588328415
0.1944556943643135
0.1942749742802246
0.1942421243230537
0.19407160620319752
0.19412876270585822
0.1942643539962664
0.1932571882016324
0.1942964608874068
0.19442248076074709
0.19398498411166076
0.19357111446085143
0.19402268758810792
0.19420987233865122
0.19428341004999294
0.19439992151498453
0.1942470466957088
0.19359841061358407
0.19405702128561403
0.19348033786242214
0.19434942706524275
0.19391915885209518
0.1947053549795277
0.19402623197880592
0.1946974745121992
0.19428806204385474
0.1942302512320208
0.19432721799121688
0.1942674319646174
0.19386601955551702
0.19420216931436235
0.19439619056596197
0.194453235435762
0.1944356451828533
0.1942172718693862
0.19417115816486313
0.1943596147497539
0.19352004990386287
0.19429314293974043
0.19395219418011403
0.1946795560336287
0.194455193453035
0.19429508183689292
0.19392765202025142
0.19440070245348579
0.19415704661060004
0.19418061640911485
0.1942184199652619
0.19414800431123655
0.1943189522488618
0.19415291788875183
0.1941794869196857
0.19459202285129745
0.1938407046754084
0.19419894332166404
0.1948408852157735
0.194222441162087
0.19414049265538796
0.19392659271073248
0.19344870938074382
0.19377345449991065
0.1934855677117168
0.19421073982129133
0.1942634904754612
0.19422759386768657
0.19385559397396285
0.19413587734942972
0.19342817153802694
0.19410028172651395
0.19315617214893183
0.1946036630781904
0.1939612847735643
0.19338894592773118
0.19438774303096187
0.19390061961790006
0.19436908537086345
0.1939507261531887
0.19451173872148672
0.1943339031238725
0.19393356253383373
0.19406683394813254
0.1939895008892457
0.19410925303057855
0.1940553640461359
0.1948022151746107
0.1942344454898637
0.1941523270127394
0.1940615411004345
0.19314698497118157
0.19408307796227062
0.19420762940471442
0.1943552018984041
0.19408430117640807
0.19407871693241271
0.19344356534867962
0.19419694316669428
0.19404807117420492
0.19415592608717688
0.19402743635043027
0.19311868425758577
0.19456230989877937
0.19415213232807504
0.19412647413845086
0.19408574009647644
0.19404979076619328
0.19335048286866266
0.19408754231941236
0.19383699953467765
0.194213765508929
0.19451840306196588
0.1941614496915766
0.19382178994933588
0.19409355241572052
0.19424388222757027
0.19333830197527094
0.19371226844740436
0.19405325718930416
0.19406988976753003
0.19307999055863173
0.19402733235847625
0.19339616713687657
0.19388672343139174
0.19391710325315525
0.19423694434623864
0.19404706900124039
0.19402906860236158
0.1932895411448765
0.1938604419245371
0.19470332202389387
0.19374739827443746
0.19337902236903046
0.19414413878901626
0.19372760764448077
0.1940214427003916
0.19444695483629182
0.1940192585672962
0.1940792532730367
0.19410907851950504
0.19407360416968822
0.19377085398725746
0.19332831719453625
0.1937712412481725
0.1940410989316066
0.19322819869545077
0.19406361022865812
0.19361400350713703
0.19398691995345918
0.19301282875142156
0.19401291564896894
0.19327307210965627
0.1940088630590408
0.19375161553003262
0.19330703484220105
0.1942298675398795
0.1937504271090177
0.1939697562272249
0.19393422848368125
0.19445912840581397
0.1937723853493875
0.19419906206804166
0.1939509757342896
0.19399518628766
0.19464460661674027
0.1940657095844996
0.19366531868009007
0.19418216622230575
0.19372447153268352
0.1941748439627065
0.19394042805004807
0.19357352071672515
0.1941911941388173
0.1939085396913343
0.19419234973382296
0.19417905855377945
0.19396126423582155
0.19359298484249823
0.19390838639025476
0.1932870637597816
0.19397692521435478
0.1936124829334398
0.19323817504993124
0.19374914098417173
0.19292207383319582
0.19396200782440942
0.19416340471305718
0.19393201473351615
0.1937350460341145
0.1946047401918413
0.194025723053573
0.19387952058365157
0.1939545003903782
0.19390907901964227
0.19402215128792674
0.19324806760420268
0.19401831694324811
0.19419356121583403
0.19367607085113756
0.19418088765806296
0.19361275280694917
0.19319153997042054
0.19367596548166843
0.19393071992229277
0.194556617284713
0.19396581780517907
0.19361508967369534
0.19383274582346605
0.19456911801955706
0.19371929615983347
0.1940504794644114
0.19413466787504785
0.1936779599645178
0.19383941042086233
0.1940406273579633
0.19390662225541713
0.19362356745274228
0.1939221715176773
0.19387331700544913
0.19287083978051447
0.19406955428158212
0.19388588492035624
0.19391245018712916
0.194304725061678
0.1936411992267914
0.19440239202051768
0.19371376998582848
0.1945431804562995
0.19364436750058855
0.19404958862325186
0.19385872442001414
0.19310726393533023
0.19395930607424022
0.19362759228085158
0.1943331933676346
0.19359667917581863
0.1940103128479197
0.19384812856072547
0.19389223821677787
0.1939612687954233
0.19388409430404246
0.19384885163426335
0.19375341365576118
0.1931742092063742
0.19389786701490255
0.19409804776654285
0.19365150464216646
0.1937941943820216
0.19399238254245785
0.19383598563044244
0.19385244540994678
0.1940059416207864
0.1931245654000482
0.19403768512372657
0.19353122019199573
0.19401816964813462
0.1938896557568116
0.19359393114882956
0.19449847172127357
0.19391708470543131
0.1936171720179362
0.19446711582149884
0.1936830877499673
0.19389861878328152
0.19399134135972215
0.19315843406029518
0.19380594766719692
0.1940519009960703
0.19374028409057126
0.19426076752019086
0.19348644879554575
0.19378915567088761
0.19304171528601832
0.19381341315255762
0.19358405918962832
0.19402165830819904
0.19359479604479368
0.19390632229263804
0.1928377689148158
0.19374248127897004
0.1942589932492529
0.19373585835710586
0.19347266912179925
0.19396056662117084
0.19310816083805532
0.1938675955777224
0.19374802386832696
0.1939334688122697
0.19424455700087917
0.1937501341152002
0.19390093959384377
0.1930945482410261
0.19375376193969227
0.19356447831916812
0.19391703283567668
0.19421762744491605
0.1935163393225683
0.19417207926236985
0.19347120783761373
0.1942273506581907
0.19351914104563894
0.1937261423494559
0.1927750401191074
0.1940141381834628
0.19397137104144102
0.1935339728011844
0.19392529707965328
0.19373856746239318
0.19355527533364453
0.19304539108279645
0.19351168668326924
0.19272321042979512
0.19303592553394486
0.19351148918446429
0.1941762706206696
0.19399698572327218
0.19380181411351521
0.19394614815791664
0.19375432158354908
0.19369232323915564
0.1937389638239666
0.19369655736028496
0.19376733790333983
0.19366499229912304
0.1930058588632385
0.19346117968610216
0.19387060502744646
0.19421291635427948
0.19378516982833152
0.19380280959101184
0.19393393335748446
0.19352760729680177
0.19380663013469956
0.19384507905854254
0.19416346600699758
0.19368244858800984
0.19369368705126222
0.19379358553283274
0.19375494315972058
0.19336441072494903
0.19272884333434553
0.1936626546589148
0.19292649113656335
0.19372694631652307
0.19346622595148202
0.19413406080573997
0.1936364814446829
0.19375511244111382
0.1936984932168323
0.19362810837773636
0.19370735597044617
0.1934215963701959
0.19298097230014746
0.19384389139407782
0.19338053992804996
0.1935793905024975
0.19287791495614826
0.19369167734150802
0.19345457222021362
0.1928784761579839
0.19367553603516016
0.19332738170150016
0.19410007327374518
0.19351179450830158
0.19364976254504102
0.19408112385746068
0.19390495256522267
0.19350903862351942
0.19407357273825598
0.19346706615767825
0.19379147044202272
0.19390828155541057
0.1937482319049592
0.1935835956455872
0.19291297087335704
0.1936841815650036
0.19324388244533489
0.1936240980297778
0.19287397427321226
0.19369017440772524
0.19360616696394178
0.19344597224291066
0.19403789371759256
0.1933926978770804
0.19261150770179766
0.1941048392758776
0.19340603058276323
0.19377180062520735
0.1933280295035118
0.19288774036859727
0.19361510533917078
0.19347427026462943
0.19404432575418468
0.1936826253228821
0.19344553735577436
0.1937469908551207
0.19361954202798762
0.19356740365787367
0.19339068892196642
0.1935819313832655
0.19264143990830723
0.19289697645649928
0.19365541862722013
0.19381172714612574
0.19364443060975742
0.19341183946457158
0.1928050976063175
0.19340545418916427
0.19384010890066342
0.19329954632223073
0.1928954194826063
0.1934015971252609
0.1935052871263842
0.19402406927843724
0.1932550869533684
0.1938006206349425
0.19322596220046329
0.19355051162279518
0.19379748770379185
0.1938365505226537
0.19358713088650936
0.193616702413104
0.19377374761455207
0.1936757535772756
0.1932888594634073
0.19375413706415195
0.1932698990401111
0.19256846006173345
0.19357353116677573
0.19352172596761605
0.19372818167496833
0.19376398241485412
0.1937733419938527
0.19335735310473273
0.1937396818417873
0.1935151718827036
0.19335793781997473
0.19347382002009844
0.19367103278402115
0.19360734328938098
0.19326222143481986
0.1940313897970391
0.19358695630319617
0.19327921300246598
0.19255921136641474
0.19373061377912376
0.1935346806823899
0.19349538316303083
0.1935017637688754
0.19347558585680105
0.1928210370131831
0.19369818030701175
0.19328178455191936
0.19350001273806905
0.19275923098429806
0.19344457446162075
0.19349952975899193
0.1931642958093941
0.1939692709323208
0.19362071210837448
0.1937504192479641
0.1934878564464256
0.19374431554877028
0.19373232388546313
0.19351189487238032
0.19325119629443666
0.19341180901805927
0.19392749128581474
0.19316455603642846
0.19372209002188903
0.19324960948369108
0.192519057174785
0.19281105121550404
0.1931504834502592
0.19393698594453576
0.19317720759578438
0.1934649893452174
0.19345463761026782
0.19341051493621847
0.1941606484287413
0.19331808007154
0.19269736505253288
0.19327789266566575
0.19351679980986397
0.19413725602845505
0.19350677297029514
0.19327634372074443
0.1936498859387988
0.19399994612056568
0.19350999602095495
0.19319376169282423
0.19361100759555067
0.19372828301111947
0.1932203545251208
0.19249000760635007
0.19348546858607824
0.19364012014955895
0.19275537512949634
0.19363798173941552
0.19305343097309297
0.19343875829325408
0.19346215460621635
0.19266576358534662
0.19313544964827906
0.19280047118120083
0.19323119387330603
0.19271859463821334
0.1936400525265571
0.1932581705455335
0.19385560582104444
0.19338941441260143
0.1927441896137404
0.1932015975510158
0.19242339345874063
0.19391634334287117
0.19362611927529702
0.1931353144550554
0.19356489505628047
0.19344178896654363
0.19340867679897736
0.19350704729882368
0.1932189514645209
0.19339083345097632
0.19393624253692177
0.19324987421184286
0.1934046848381879
0.19342158610301163
0.19265824504395304
0.1932500243312818
0.19263176737460477
0.1935163906668355
0.19338476051848494
0.19311194313308822
0.19384741462226462
0.19348456804261188
0.19361598884278666
0.19340772478856197
0.19365806730005014
0.1931512585644305
0.1938317786309927
0.19323714415737148
0.19404801432328705
0.19345251371339156
0.1934102252971007
0.19337426926357398
0.1934457679608081
0.19356026369697357
0.1933762211332785
0.19347735911269287
0.1931871196328185
0.1936064802533033
0.1933343551513022
0.19310772562072395
0.19356787817116536
0.19332281567825513
0.193421258398015
0.1933917436608409
0.1936336597950517
0.19343156818438448
0.19361193550959097
0.19328560238760106
0.19268242656427784
0.19314005400164166
0.19350290039471535
0.19351527131585222
0.19331869692915815
0.19356902299782258
0.19313699910794768
0.19233434191691842
0.19263222613267947
0.19360600329939884
0.19317241167023086
0.19258787481995876
0.19330134274847893
0.19358202334351063
0.19328385218102068
0.1930185561390203
0.19352287471389695
0.1933597845189251
0.19335425641926074
0.19310955562630855
0.1939974661237013
0.19337390677505728
0.19343313184127078
0.19303489256377368
0.19334557349049625
0.19260328064875928
0.19326895157990745
0.1935584572797306
0.19310331276103748
0.1933136021179203
0.19375969944698024
0.19303891511104104
0.19332382710644802
0.1933196242745741
0.1932171010140559
0.19336782272709963
0.1937693778749202
0.19335491577779926
0.19326060698021325
0.19329148961072287
0.19321219676685952
0.1926414890351203
0.19342538253447222
0.19308621185680896
0.19327346002567306
0.1933447668878553
0.1933180339371144
0.19340953367924135
0.1935475336435314
0.19302930784170497
0.19326845691826033
0.1932861901182486
0.19347555046445103
0.19262457620060744
0.1932387579539538
0.19233341208482074
0.19327905320805855
0.19343746099579467
0.19327624390472994
0.1925701362005695
0.19329081555119834
0.1930773741757946
0.19343944132797042
0.19260880900947436
0.1930737233572886
0.1934343151198747
0.1926023077721073
0.19327396009091427
0.19333952003346375
0.1932673849555001
0.19320132286640807
0.19305340147718011
0.19315511253799772
0.19261848991383182
0.19304067120887697
0.19324965823064602
0.19322898469760255
0.19257628605867558
0.19319680985348447
0.19372793234095292
0.1932839906247039
0.19325816551866407
0.19344790462463804
0.1932502681529863
0.19300465530377675
0.19313451809011883
0.1922922398602922
0.19345513896164446
0.1928995759932474
0.19370455603214387
0.19330783405132917
0.1933521837933968
0.1929860962950546
0.19341646944633306
0.1930089037596487
0.19375926333536614
0.19307733979295888
0.19317001064263695
0.1924734767532816
0.19349072867016234
0.1929898554376901
0.1925473669398066
0.19340473915150266
0.19304842239560527
0.19247268638301965
0.19329085023904216
0.19315253984820951
0.19374214259915565
0.19320348297955636
0.1932365354744929
0.19305192652507258
0.1933787823873151
0.19336475011306714
0.19367231422248407
0.1932323539384492
0.19290356142052684
0.19316198587785766
0.19320748548618077
0.19309699830443922
0.1934712721236301
0.19321841613495883
0.19316067920093927
0.19369559892223348
0.19307478364121733
0.19218076393568898
0.19332539485832606
0.192523377454084
0.19295559477764107
0.19217926469910984
0.19322937377185886
0.19221075498723622
0.19317871914937568
0.19308616701096065
0.192241247054953
0.19343680386323142
0.19320764713466942
0.19313614607333374
0.19340417950577965
0.19316178885588284
0.19342188451237138
0.19328606810098048
0.1929942413948864
0.19365851090961378
0.1930408023593858
0.19353859677713198
0.19291162158393094
0.1934255221033171
0.19284142073384308
0.19249167341917214
0.1933818139396889
0.19315060668310136
0.19290308511994553
0.1922097824838081
0.19310664586878368
0.19332661349324856
0.19320357282613432
0.19316980039084744
0.19357956484517802
0.19337824566392284
0.19333459464212618
0.19338659907458547
0.19283349005086098
0.19247025765491818
0.19320176283620713
0.19309671571262835
0.1933566213326985
0.1930650844379213
0.19314989462078638
0.1928311956546015
0.1931528117306866
0.1923853569968882
0.19287105210777394
0.19326853422147344
0.19317576998552705
0.19314267806906882
0.19235974874556153
0.19325065106628855
0.1929010482130902
0.19354681958914516
0.19318137997844284
0.19294844049560056
0.19313739794556833
0.19326729844140178
0.19286450989853804
0.19315365574633672
0.19305898831638468
0.19316220650431515
0.1930198209168239
0.19244075954160147
0.19290541375705034
0.19312536952684478
0.1921160598593552
0.19245482891882776
